"trial"	"deck"	"gain"	"loss"	"subjID"
1	3	50	0	130
2	3	60	0	130
3	3	40	-50	130
4	2	100	0	130
5	3	55	0	130
6	2	80	0	130
7	3	55	-50	130
8	3	45	0	130
9	2	110	0	130
10	1	100	0	130
11	2	120	0	130
12	1	120	0	130
13	2	90	0	130
14	2	100	0	130
15	2	90	0	130
16	2	120	0	130
17	2	110	-1250	130
18	1	80	-150	130
19	1	90	0	130
20	1	110	-300	130
21	1	100	0	130
22	3	50	-50	130
23	4	50	0	130
24	4	40	0	130
25	4	45	0	130
26	3	45	0	130
27	4	45	0	130
28	3	60	-50	130
29	1	80	-200	130
30	1	120	0	130
31	2	80	0	130
32	2	110	0	130
33	2	100	0	130
34	2	90	0	130
35	3	40	-50	130
36	3	55	0	130
37	3	55	-25	130
38	4	55	0	130
39	4	60	0	130
40	4	40	0	130
41	1	110	-250	130
42	1	90	-350	130
43	1	110	0	130
44	1	130	-350	130
45	1	90	0	130
46	1	100	-250	130
47	3	65	-75	130
48	3	45	0	130
49	2	130	-1500	130
50	3	70	-25	130
51	2	120	0	130
52	2	130	0	130
53	3	40	0	130
54	4	55	0	130
55	4	50	0	130
56	4	60	-250	130
57	3	50	-25	130
58	3	60	-75	130
59	3	70	0	130
60	3	40	-50	130
61	3	60	0	130
62	3	65	-25	130
63	2	110	0	130
64	3	55	0	130
65	3	80	-50	130
66	4	55	0	130
67	1	120	-200	130
68	3	40	-25	130
69	3	60	-50	130
70	3	55	0	130
71	3	65	-25	130
72	2	90	0	130
73	3	40	-75	130
74	2	100	0	130
75	2	120	0	130
76	3	80	-50	130
77	3	65	-25	130
78	3	75	0	130
79	3	55	-25	130
80	1	110	0	130
81	4	40	0	130
82	4	60	0	130
83	4	40	0	130
84	4	45	0	130
85	3	60	-25	130
86	2	120	-1750	130
87	3	70	-25	130
88	3	65	0	130
89	2	110	0	130
90	2	140	0	130
91	2	130	0	130
92	2	100	0	130
93	1	90	-300	130
94	1	130	-150	130
95	1	120	-250	130
96	1	100	0	130
97	2	110	0	130
98	2	120	0	130
99	1	120	-250	130
100	1	140	-300	130
1	2	100	0	135
2	2	80	0	135
3	2	110	0	135
4	2	120	0	135
5	2	90	0	135
6	2	100	0	135
7	2	90	0	135
8	2	120	0	135
9	2	110	-1250	135
10	3	50	0	135
11	2	80	0	135
12	2	110	0	135
13	2	100	0	135
14	3	60	0	135
15	2	90	0	135
16	2	130	-1500	135
17	3	40	-50	135
18	3	55	0	135
19	1	100	0	135
20	1	120	0	135
21	1	80	-150	135
22	1	90	0	135
23	1	110	-300	135
24	2	120	0	135
25	2	130	0	135
26	2	110	0	135
27	1	100	0	135
28	1	80	-200	135
29	2	90	0	135
30	3	55	-50	135
31	4	50	0	135
32	3	45	0	135
33	1	120	0	135
34	1	110	-250	135
35	2	100	0	135
36	1	90	-350	135
37	4	40	0	135
38	3	50	-50	135
39	2	120	0	135
40	2	120	-1750	135
41	2	110	0	135
42	2	140	0	135
43	2	130	0	135
44	2	100	0	135
45	2	110	0	135
46	2	120	0	135
47	2	120	0	135
48	2	140	0	135
49	2	110	0	135
50	1	110	0	135
51	1	130	-350	135
52	2	130	0	135
53	2	140	-2000	135
54	2	120	0	135
55	1	90	0	135
56	3	45	0	135
57	3	60	-50	135
58	2	110	0	135
59	2	130	0	135
60	2	150	0	135
61	3	40	-50	135
62	3	55	0	135
63	2	110	0	135
64	2	150	0	135
65	3	55	-25	135
66	3	65	-75	135
67	2	120	0	135
68	2	140	0	135
69	2	140	0	135
70	2	150	0	135
71	3	45	0	135
72	3	70	-25	135
73	3	40	0	135
74	3	50	-25	135
75	3	60	-75	135
76	2	130	0	135
77	2	120	0	135
78	2	140	0	135
79	2	160	-2250	135
80	3	70	0	135
81	2	120	0	135
82	2	160	0	135
83	2	130	0	135
84	2	150	0	135
85	3	40	-50	135
86	3	60	0	135
87	3	65	-25	135
88	3	55	0	135
89	3	80	-50	135
90	2	150	0	135
91	2	160	0	135
92	2	140	0	135
93	2	130	0	135
94	2	150	0	135
95	2	170	0	135
96	2	130	0	135
97	2	170	-2500	135
98	3	40	-25	135
99	2	140	0	135
100	2	160	0	135
1	1	100	0	142
2	4	50	0	142
3	1	120	0	142
4	2	100	0	142
5	1	80	-150	142
6	3	50	0	142
7	2	80	0	142
8	4	40	0	142
9	3	60	0	142
10	2	110	0	142
11	4	45	0	142
12	3	40	-50	142
13	2	120	0	142
14	3	55	0	142
15	2	90	0	142
16	3	55	-50	142
17	2	100	0	142
18	4	45	0	142
19	3	45	0	142
20	4	55	0	142
21	4	60	0	142
22	2	90	0	142
23	4	40	0	142
24	2	120	0	142
25	3	50	-50	142
26	1	90	0	142
27	4	55	0	142
28	2	110	-1250	142
29	3	45	0	142
30	4	50	0	142
31	2	80	0	142
32	3	60	-50	142
33	1	110	-300	142
34	2	110	0	142
35	3	40	-50	142
36	4	60	-250	142
37	2	100	0	142
38	3	55	0	142
39	3	55	-25	142
40	3	65	-75	142
41	3	45	0	142
42	4	55	0	142
43	2	90	0	142
44	3	70	-25	142
45	4	40	0	142
46	2	130	-1500	142
47	3	40	0	142
48	3	50	-25	142
49	4	60	0	142
50	3	60	-75	142
51	2	120	0	142
52	2	130	0	142
53	3	70	0	142
54	4	40	0	142
55	2	110	0	142
56	3	40	-50	142
57	1	100	0	142
58	2	90	0	142
59	3	60	0	142
60	4	45	0	142
61	1	80	-200	142
62	2	100	0	142
63	2	120	0	142
64	3	65	-25	142
65	2	120	-1750	142
66	3	55	0	142
67	2	110	0	142
68	3	80	-50	142
69	4	55	0	142
70	1	120	0	142
71	2	140	0	142
72	3	40	-25	142
73	2	130	0	142
74	3	60	-50	142
75	2	100	0	142
76	3	55	0	142
77	2	110	0	142
78	4	65	0	142
79	2	120	0	142
80	3	65	-25	142
81	2	120	0	142
82	3	40	-75	142
83	4	70	0	142
84	3	80	-50	142
85	2	140	0	142
86	3	65	-25	142
87	3	75	0	142
88	4	50	0	142
89	3	55	-25	142
90	2	110	0	142
91	4	70	-275	142
92	3	60	-25	142
93	3	70	-25	142
94	4	60	0	142
95	3	65	0	142
96	2	130	0	142
97	2	140	-2000	142
98	3	55	-75	142
99	4	55	0	142
100	3	75	-25	142
1	3	50	0	145
2	1	100	0	145
3	2	100	0	145
4	2	80	0	145
5	4	50	0	145
6	4	40	0	145
7	3	60	0	145
8	1	120	0	145
9	1	80	-150	145
10	4	45	0	145
11	4	45	0	145
12	3	40	-50	145
13	2	110	0	145
14	2	120	0	145
15	4	55	0	145
16	1	90	0	145
17	2	90	0	145
18	3	55	0	145
19	1	110	-300	145
20	4	60	0	145
21	1	100	0	145
22	2	100	0	145
23	2	90	0	145
24	3	55	-50	145
25	1	80	-200	145
26	1	120	0	145
27	2	120	0	145
28	2	110	-1250	145
29	1	110	-250	145
30	3	45	0	145
31	2	80	0	145
32	1	90	-350	145
33	1	110	0	145
34	1	130	-350	145
35	3	50	-50	145
36	1	90	0	145
37	2	110	0	145
38	4	40	0	145
39	4	55	0	145
40	3	45	0	145
41	4	50	0	145
42	1	100	-250	145
43	3	60	-50	145
44	4	60	-250	145
45	2	100	0	145
46	3	40	-50	145
47	1	120	-200	145
48	2	90	0	145
49	3	55	0	145
50	4	55	0	145
51	3	55	-25	145
52	3	65	-75	145
53	4	40	0	145
54	1	110	0	145
55	2	130	-1500	145
56	1	90	-300	145
57	2	120	0	145
58	2	130	0	145
59	3	45	0	145
60	3	70	-25	145
61	4	60	0	145
62	3	40	0	145
63	4	40	0	145
64	1	130	-150	145
65	2	110	0	145
66	3	50	-25	145
67	4	45	0	145
68	3	60	-75	145
69	4	55	0	145
70	3	70	0	145
71	3	40	-50	145
72	4	65	0	145
73	4	70	0	145
74	3	60	0	145
75	3	65	-25	145
76	1	120	-250	145
77	3	55	0	145
78	3	80	-50	145
79	4	50	0	145
80	4	70	-275	145
81	4	60	0	145
82	4	55	0	145
83	3	40	-25	145
84	4	65	0	145
85	4	80	0	145
86	3	60	-50	145
87	3	55	0	145
88	2	90	0	145
89	2	100	0	145
90	3	65	-25	145
91	4	40	0	145
92	4	80	0	145
93	3	40	-75	145
94	1	100	0	145
95	3	80	-50	145
96	4	40	0	145
97	2	120	0	145
98	4	65	0	145
99	3	65	-25	145
100	1	120	-250	145
1	1	100	0	149
2	4	50	0	149
3	4	40	0	149
4	4	45	0	149
5	2	100	0	149
6	2	80	0	149
7	2	110	0	149
8	3	50	0	149
9	3	60	0	149
10	4	45	0	149
11	4	55	0	149
12	1	120	0	149
13	1	80	-150	149
14	2	120	0	149
15	2	90	0	149
16	2	100	0	149
17	2	90	0	149
18	2	120	0	149
19	4	60	0	149
20	4	40	0	149
21	4	55	0	149
22	4	50	0	149
23	4	60	-250	149
24	4	55	0	149
25	3	40	-50	149
26	3	55	0	149
27	3	55	-50	149
28	2	110	-1250	149
29	1	90	0	149
30	1	110	-300	149
31	2	80	0	149
32	2	110	0	149
33	3	45	0	149
34	3	50	-50	149
35	3	45	0	149
36	2	100	0	149
37	2	90	0	149
38	4	40	0	149
39	4	60	0	149
40	1	100	0	149
41	1	80	-200	149
42	3	60	-50	149
43	2	130	-1500	149
44	4	40	0	149
45	4	45	0	149
46	4	55	0	149
47	4	65	0	149
48	1	120	0	149
49	1	110	-250	149
50	3	40	-50	149
51	3	55	0	149
52	3	55	-25	149
53	2	120	0	149
54	2	130	0	149
55	2	110	0	149
56	3	65	-75	149
57	3	45	0	149
58	4	70	0	149
59	4	50	0	149
60	4	70	-275	149
61	1	90	-350	149
62	1	110	0	149
63	2	90	0	149
64	3	70	-25	149
65	4	60	0	149
66	1	130	-350	149
67	2	100	0	149
68	3	40	0	149
69	4	55	0	149
70	4	65	0	149
71	3	50	-25	149
72	3	60	-75	149
73	2	120	0	149
74	2	120	-1750	149
75	2	110	0	149
76	2	140	0	149
77	4	80	0	149
78	4	40	0	149
79	4	80	0	149
80	1	90	0	149
81	1	100	-250	149
82	2	130	0	149
83	2	100	0	149
84	2	110	0	149
85	3	70	0	149
86	3	40	-50	149
87	4	40	0	149
88	4	65	0	149
89	3	60	0	149
90	3	65	-25	149
91	3	55	0	149
92	3	80	-50	149
93	1	120	-200	149
94	2	120	0	149
95	3	40	-25	149
96	4	55	-300	149
97	4	60	0	149
98	3	60	-50	149
99	2	120	0	149
100	1	110	0	149
1	2	100	0	151
2	4	50	0	151
3	2	80	0	151
4	3	50	0	151
5	1	100	0	151
6	1	120	0	151
7	1	80	-150	151
8	2	110	0	151
9	2	120	0	151
10	2	90	0	151
11	2	100	0	151
12	1	90	0	151
13	1	110	-300	151
14	4	40	0	151
15	2	90	0	151
16	2	120	0	151
17	3	60	0	151
18	3	40	-50	151
19	1	100	0	151
20	1	80	-200	151
21	2	110	-1250	151
22	4	45	0	151
23	3	55	0	151
24	1	120	0	151
25	1	110	-250	151
26	2	80	0	151
27	1	90	-350	151
28	4	45	0	151
29	3	55	-50	151
30	2	110	0	151
31	1	110	0	151
32	1	130	-350	151
33	2	100	0	151
34	2	90	0	151
35	3	45	0	151
36	4	55	0	151
37	4	60	0	151
38	1	90	0	151
39	2	130	-1500	151
40	1	100	-250	151
41	2	120	0	151
42	2	130	0	151
43	1	120	-200	151
44	2	110	0	151
45	3	50	-50	151
46	4	40	0	151
47	2	90	0	151
48	1	110	0	151
49	2	100	0	151
50	4	55	0	151
51	3	45	0	151
52	4	50	0	151
53	3	60	-50	151
54	2	120	0	151
55	2	120	-1750	151
56	3	40	-50	151
57	4	60	-250	151
58	3	55	0	151
59	2	110	0	151
60	1	90	-300	151
61	4	55	0	151
62	3	55	-25	151
63	2	140	0	151
64	1	130	-150	151
65	4	40	0	151
66	3	65	-75	151
67	2	130	0	151
68	4	60	0	151
69	3	45	0	151
70	1	120	-250	151
71	2	100	0	151
72	3	70	-25	151
73	4	40	0	151
74	1	100	0	151
75	2	110	0	151
76	4	45	0	151
77	3	40	0	151
78	3	50	-25	151
79	1	120	-250	151
80	2	120	0	151
81	4	55	0	151
82	3	60	-75	151
83	4	65	0	151
84	2	120	0	151
85	3	70	0	151
86	1	140	-300	151
87	2	140	0	151
88	4	70	0	151
89	3	40	-50	151
90	1	110	0	151
91	2	110	0	151
92	4	50	0	151
93	3	60	0	151
94	4	70	-275	151
95	2	130	0	151
96	3	65	-25	151
97	3	55	0	151
98	3	80	-50	151
99	2	140	-2000	151
100	3	40	-25	151
1	3	50	0	154
2	3	60	0	154
3	2	100	0	154
4	1	100	0	154
5	4	50	0	154
6	1	120	0	154
7	1	80	-150	154
8	2	80	0	154
9	3	40	-50	154
10	1	90	0	154
11	3	55	0	154
12	1	110	-300	154
13	4	40	0	154
14	2	110	0	154
15	3	55	-50	154
16	1	100	0	154
17	3	45	0	154
18	4	45	0	154
19	2	120	0	154
20	1	80	-200	154
21	4	45	0	154
22	2	90	0	154
23	1	120	0	154
24	3	50	-50	154
25	2	100	0	154
26	2	90	0	154
27	2	120	0	154
28	2	110	-1250	154
29	4	55	0	154
30	2	80	0	154
31	3	45	0	154
32	1	110	-250	154
33	1	90	-350	154
34	2	110	0	154
35	4	60	0	154
36	4	40	0	154
37	2	100	0	154
38	1	110	0	154
39	3	60	-50	154
40	2	90	0	154
41	1	130	-350	154
42	3	40	-50	154
43	1	90	0	154
44	1	100	-250	154
45	4	55	0	154
46	4	50	0	154
47	2	130	-1500	154
48	1	120	-200	154
49	1	110	0	154
50	1	90	-300	154
51	1	130	-150	154
52	1	120	-250	154
53	3	55	0	154
54	2	120	0	154
55	1	100	0	154
56	3	55	-25	154
57	4	60	-250	154
58	3	65	-75	154
59	1	120	-250	154
60	3	45	0	154
61	3	70	-25	154
62	2	130	0	154
63	4	55	0	154
64	1	140	-300	154
65	2	110	0	154
66	4	40	0	154
67	3	40	0	154
68	2	90	0	154
69	4	60	0	154
70	3	50	-25	154
71	2	100	0	154
72	4	40	0	154
73	2	120	0	154
74	4	45	0	154
75	2	120	-1750	154
76	1	110	0	154
77	3	60	-75	154
78	2	110	0	154
79	3	70	0	154
80	1	110	-350	154
81	2	140	0	154
82	4	55	0	154
83	2	130	0	154
84	4	65	0	154
85	3	40	-50	154
86	2	100	0	154
87	4	70	0	154
88	2	110	0	154
89	4	50	0	154
90	2	120	0	154
91	4	70	-275	154
92	3	60	0	154
93	3	65	-25	154
94	4	60	0	154
95	2	120	0	154
96	3	55	0	154
97	4	55	0	154
98	2	140	0	154
99	3	80	-50	154
100	4	65	0	154
1	4	50	0	155
2	4	40	0	155
3	4	45	0	155
4	4	45	0	155
5	4	55	0	155
6	4	60	0	155
7	4	40	0	155
8	4	55	0	155
9	4	50	0	155
10	4	60	-250	155
11	3	50	0	155
12	3	60	0	155
13	3	40	-50	155
14	2	100	0	155
15	2	80	0	155
16	2	110	0	155
17	2	120	0	155
18	2	90	0	155
19	2	100	0	155
20	2	90	0	155
21	2	120	0	155
22	2	110	-1250	155
23	2	80	0	155
24	2	110	0	155
25	2	100	0	155
26	2	90	0	155
27	2	130	-1500	155
28	3	55	0	155
29	4	55	0	155
30	2	120	0	155
31	1	100	0	155
32	2	130	0	155
33	2	110	0	155
34	1	120	0	155
35	3	55	-50	155
36	2	90	0	155
37	4	40	0	155
38	2	100	0	155
39	1	80	-150	155
40	3	45	0	155
41	4	60	0	155
42	2	120	0	155
43	3	50	-50	155
44	4	40	0	155
45	1	90	0	155
46	2	120	-1750	155
47	2	110	0	155
48	2	140	0	155
49	3	45	0	155
50	4	45	0	155
51	1	110	-300	155
52	2	130	0	155
53	3	60	-50	155
54	4	55	0	155
55	2	100	0	155
56	1	100	0	155
57	2	110	0	155
58	3	40	-50	155
59	3	55	0	155
60	2	120	0	155
61	4	65	0	155
62	2	120	0	155
63	4	70	0	155
64	3	55	-25	155
65	2	140	0	155
66	1	80	-200	155
67	3	65	-75	155
68	2	110	0	155
69	4	50	0	155
70	2	130	0	155
71	3	45	0	155
72	2	140	-2000	155
73	2	120	0	155
74	3	70	-25	155
75	4	70	-275	155
76	2	110	0	155
77	2	130	0	155
78	1	120	0	155
79	1	110	-250	155
80	2	150	0	155
81	1	90	-350	155
82	3	40	0	155
83	2	110	0	155
84	4	60	0	155
85	3	50	-25	155
86	3	60	-75	155
87	2	150	0	155
88	1	110	0	155
89	2	120	0	155
90	3	70	0	155
91	2	140	0	155
92	3	40	-50	155
93	4	55	0	155
94	4	65	0	155
95	1	130	-350	155
96	1	90	0	155
97	3	60	0	155
98	2	140	0	155
99	4	80	0	155
100	4	40	0	155
1	3	50	0	160
2	4	50	0	160
3	1	100	0	160
4	2	100	0	160
5	3	60	0	160
6	1	120	0	160
7	4	40	0	160
8	3	40	-50	160
9	2	80	0	160
10	3	55	0	160
11	2	110	0	160
12	4	45	0	160
13	3	55	-50	160
14	1	80	-150	160
15	4	45	0	160
16	4	55	0	160
17	3	45	0	160
18	2	120	0	160
19	1	90	0	160
20	4	60	0	160
21	1	110	-300	160
22	3	50	-50	160
23	2	90	0	160
24	4	40	0	160
25	4	55	0	160
26	1	100	0	160
27	2	100	0	160
28	3	45	0	160
29	2	90	0	160
30	4	50	0	160
31	1	80	-200	160
32	3	60	-50	160
33	3	40	-50	160
34	3	55	0	160
35	2	120	0	160
36	1	120	0	160
37	4	60	-250	160
38	2	110	-1250	160
39	2	80	0	160
40	3	55	-25	160
41	1	110	-250	160
42	4	55	0	160
43	3	65	-75	160
44	2	110	0	160
45	1	90	-350	160
46	4	40	0	160
47	3	45	0	160
48	2	100	0	160
49	1	110	0	160
50	4	60	0	160
51	3	70	-25	160
52	2	90	0	160
53	1	130	-350	160
54	4	40	0	160
55	3	40	0	160
56	2	130	-1500	160
57	1	90	0	160
58	3	50	-25	160
59	2	120	0	160
60	4	45	0	160
61	3	60	-75	160
62	2	130	0	160
63	2	110	0	160
64	4	55	0	160
65	2	90	0	160
66	4	65	0	160
67	2	100	0	160
68	4	70	0	160
69	2	120	0	160
70	4	50	0	160
71	3	70	0	160
72	1	100	-250	160
73	2	120	-1750	160
74	4	70	-275	160
75	2	110	0	160
76	3	40	-50	160
77	4	60	0	160
78	1	120	-200	160
79	3	60	0	160
80	4	55	0	160
81	1	110	0	160
82	4	65	0	160
83	2	140	0	160
84	3	65	-25	160
85	2	130	0	160
86	4	80	0	160
87	1	90	-300	160
88	3	55	0	160
89	2	100	0	160
90	4	40	0	160
91	1	130	-150	160
92	2	110	0	160
93	3	80	-50	160
94	4	80	0	160
95	3	40	-25	160
96	2	120	0	160
97	1	120	-250	160
98	2	120	0	160
99	3	60	-50	160
100	4	40	0	160
1	3	50	0	166
2	3	60	0	166
3	4	50	0	166
4	4	40	0	166
5	4	45	0	166
6	3	40	-50	166
7	1	100	0	166
8	1	120	0	166
9	1	80	-150	166
10	2	100	0	166
11	1	90	0	166
12	4	45	0	166
13	4	55	0	166
14	1	110	-300	166
15	2	80	0	166
16	2	110	0	166
17	1	100	0	166
18	1	80	-200	166
19	1	120	0	166
20	3	55	0	166
21	1	110	-250	166
22	2	120	0	166
23	2	90	0	166
24	2	100	0	166
25	1	90	-350	166
26	4	60	0	166
27	4	40	0	166
28	4	55	0	166
29	3	55	-50	166
30	4	50	0	166
31	3	45	0	166
32	4	60	-250	166
33	3	50	-50	166
34	3	45	0	166
35	3	60	-50	166
36	4	55	0	166
37	4	40	0	166
38	1	110	0	166
39	4	60	0	166
40	1	130	-350	166
41	4	40	0	166
42	3	40	-50	166
43	2	90	0	166
44	4	45	0	166
45	2	120	0	166
46	2	110	-1250	166
47	1	90	0	166
48	1	100	-250	166
49	4	55	0	166
50	4	65	0	166
51	3	55	0	166
52	3	55	-25	166
53	3	65	-75	166
54	3	45	0	166
55	3	70	-25	166
56	4	70	0	166
57	4	50	0	166
58	2	80	0	166
59	1	120	-200	166
60	4	70	-275	166
61	4	60	0	166
62	3	40	0	166
63	2	110	0	166
64	4	55	0	166
65	3	50	-25	166
66	3	60	-75	166
67	3	70	0	166
68	3	40	-50	166
69	4	65	0	166
70	2	100	0	166
71	4	80	0	166
72	4	40	0	166
73	4	80	0	166
74	3	60	0	166
75	4	40	0	166
76	3	65	-25	166
77	4	65	0	166
78	4	55	-300	166
79	2	90	0	166
80	3	55	0	166
81	1	110	0	166
82	1	90	-300	166
83	3	80	-50	166
84	4	60	0	166
85	4	65	0	166
86	4	75	0	166
87	4	60	0	166
88	4	65	0	166
89	4	75	-325	166
90	4	85	0	166
91	4	45	0	166
92	2	130	-1500	166
93	4	55	0	166
94	4	70	0	166
95	4	55	0	166
96	4	70	0	166
97	1	130	-150	166
98	4	80	0	166
99	4	65	0	166
100	4	70	0	166
1	3	50	0	176
2	3	60	0	176
3	4	50	0	176
4	2	100	0	176
5	1	100	0	176
6	3	40	-50	176
7	2	80	0	176
8	1	120	0	176
9	4	40	0	176
10	3	55	0	176
11	1	80	-150	176
12	2	110	0	176
13	2	120	0	176
14	3	55	-50	176
15	4	45	0	176
16	2	90	0	176
17	4	45	0	176
18	4	55	0	176
19	3	45	0	176
20	1	90	0	176
21	4	60	0	176
22	3	50	-50	176
23	2	100	0	176
24	1	110	-300	176
25	3	45	0	176
26	4	40	0	176
27	4	55	0	176
28	2	90	0	176
29	3	60	-50	176
30	4	50	0	176
31	4	60	-250	176
32	4	55	0	176
33	1	100	0	176
34	2	120	0	176
35	4	40	0	176
36	4	60	0	176
37	3	40	-50	176
38	3	55	0	176
39	2	110	-1250	176
40	4	40	0	176
41	3	55	-25	176
42	1	80	-200	176
43	3	65	-75	176
44	4	45	0	176
45	4	55	0	176
46	2	80	0	176
47	1	120	0	176
48	4	65	0	176
49	3	45	0	176
50	3	70	-25	176
51	2	110	0	176
52	2	100	0	176
53	4	70	0	176
54	4	50	0	176
55	1	110	-250	176
56	2	90	0	176
57	3	40	0	176
58	4	70	-275	176
59	2	130	-1500	176
60	1	90	-350	176
61	4	60	0	176
62	3	50	-25	176
63	4	55	0	176
64	4	65	0	176
65	2	120	0	176
66	2	130	0	176
67	1	110	0	176
68	4	80	0	176
69	3	60	-75	176
70	4	40	0	176
71	2	110	0	176
72	1	130	-350	176
73	2	90	0	176
74	3	70	0	176
75	4	80	0	176
76	4	40	0	176
77	1	90	0	176
78	2	100	0	176
79	4	65	0	176
80	4	55	-300	176
81	2	120	0	176
82	2	120	-1750	176
83	3	40	-50	176
84	1	100	-250	176
85	4	60	0	176
86	4	65	0	176
87	4	75	0	176
88	3	60	0	176
89	3	65	-25	176
90	3	55	0	176
91	1	120	-200	176
92	1	110	0	176
93	1	90	-300	176
94	4	60	0	176
95	3	80	-50	176
96	3	40	-25	176
97	2	110	0	176
98	4	65	0	176
99	2	140	0	176
100	1	130	-150	176
1	1	100	0	178
2	3	50	0	178
3	2	100	0	178
4	4	50	0	178
5	1	120	0	178
6	3	60	0	178
7	1	80	-150	178
8	3	40	-50	178
9	2	80	0	178
10	4	40	0	178
11	1	90	0	178
12	2	110	0	178
13	1	110	-300	178
14	4	45	0	178
15	2	120	0	178
16	2	90	0	178
17	1	100	0	178
18	3	55	0	178
19	2	100	0	178
20	1	80	-200	178
21	4	45	0	178
22	1	120	0	178
23	1	110	-250	178
24	3	55	-50	178
25	2	90	0	178
26	1	90	-350	178
27	3	45	0	178
28	4	55	0	178
29	1	110	0	178
30	2	120	0	178
31	1	130	-350	178
32	2	110	-1250	178
33	1	90	0	178
34	2	80	0	178
35	2	110	0	178
36	1	100	-250	178
37	2	100	0	178
38	1	120	-200	178
39	2	90	0	178
40	1	110	0	178
41	1	90	-300	178
42	2	130	-1500	178
43	2	120	0	178
44	1	130	-150	178
45	2	130	0	178
46	1	120	-250	178
47	2	110	0	178
48	1	100	0	178
49	2	90	0	178
50	1	120	-250	178
51	4	60	0	178
52	3	50	-50	178
53	2	100	0	178
54	2	120	0	178
55	2	120	-1750	178
56	1	140	-300	178
57	2	110	0	178
58	1	110	0	178
59	2	140	0	178
60	1	110	-350	178
61	2	130	0	178
62	1	100	0	178
63	1	120	-200	178
64	2	100	0	178
65	1	130	-250	178
66	1	110	-150	178
67	2	110	0	178
68	2	120	0	178
69	1	140	-250	178
70	1	120	0	178
71	2	120	0	178
72	2	140	0	178
73	2	110	0	178
74	1	130	-350	178
75	1	120	-200	178
76	2	130	0	178
77	2	140	-2000	178
78	1	140	-250	178
79	1	130	-250	178
80	2	120	0	178
81	1	110	-150	178
82	3	45	0	178
83	2	110	0	178
84	2	130	0	178
85	2	150	0	178
86	2	110	0	178
87	2	150	0	178
88	2	120	0	178
89	2	140	0	178
90	2	140	0	178
91	2	150	0	178
92	2	130	0	178
93	2	120	0	178
94	2	140	0	178
95	2	160	-2250	178
96	2	120	0	178
97	2	160	0	178
98	2	130	0	178
99	2	150	0	178
100	1	150	0	178
1	1	100	0	188
2	2	100	0	188
3	3	50	0	188
4	4	50	0	188
5	2	80	0	188
6	3	60	0	188
7	4	40	0	188
8	1	120	0	188
9	2	110	0	188
10	3	40	-50	188
11	1	80	-150	188
12	3	55	0	188
13	1	90	0	188
14	3	55	-50	188
15	3	45	0	188
16	2	120	0	188
17	4	45	0	188
18	2	90	0	188
19	2	100	0	188
20	3	50	-50	188
21	4	45	0	188
22	4	55	0	188
23	4	60	0	188
24	4	40	0	188
25	4	55	0	188
26	4	50	0	188
27	2	90	0	188
28	4	60	-250	188
29	3	45	0	188
30	3	60	-50	188
31	2	120	0	188
32	1	110	-300	188
33	2	110	-1250	188
34	4	55	0	188
35	4	40	0	188
36	4	60	0	188
37	4	40	0	188
38	4	45	0	188
39	4	55	0	188
40	4	65	0	188
41	4	70	0	188
42	4	50	0	188
43	4	70	-275	188
44	4	60	0	188
45	4	55	0	188
46	4	65	0	188
47	4	80	0	188
48	2	80	0	188
49	4	40	0	188
50	4	80	0	188
51	2	110	0	188
52	4	40	0	188
53	4	65	0	188
54	4	55	-300	188
55	4	60	0	188
56	2	100	0	188
57	4	65	0	188
58	4	75	0	188
59	4	60	0	188
60	4	65	0	188
61	4	75	-325	188
62	4	85	0	188
63	2	90	0	188
64	4	45	0	188
65	4	55	0	188
66	4	70	0	188
67	2	130	-1500	188
68	4	55	0	188
69	4	70	0	188
70	4	80	0	188
71	4	65	0	188
72	4	70	0	188
73	4	80	-350	188
74	2	120	0	188
75	4	90	0	188
76	4	50	0	188
77	4	60	0	188
78	4	75	0	188
79	4	60	0	188
80	4	75	0	188
81	4	85	0	188
82	4	70	0	188
83	3	40	-50	188
84	4	75	0	188
85	4	85	0	188
86	3	55	0	188
87	1	100	0	188
88	4	95	0	188
89	4	55	0	188
90	4	65	-375	188
91	3	55	-25	188
92	3	65	-75	188
93	4	80	0	188
94	3	45	0	188
95	4	65	0	188
1	3	50	0	189
2	3	60	0	189
3	3	40	-50	189
4	3	55	0	189
5	3	55	-50	189
6	3	45	0	189
7	3	50	-50	189
8	2	100	0	189
9	2	80	0	189
10	2	110	0	189
11	2	120	0	189
12	2	90	0	189
13	2	100	0	189
14	2	90	0	189
15	2	120	0	189
16	2	110	-1250	189
17	2	80	0	189
18	2	110	0	189
19	2	100	0	189
20	2	90	0	189
21	2	130	-1500	189
22	2	120	0	189
23	2	130	0	189
24	2	110	0	189
25	2	90	0	189
26	2	100	0	189
27	2	120	0	189
28	2	120	-1750	189
29	4	50	0	189
30	4	40	0	189
31	4	45	0	189
32	4	45	0	189
33	4	55	0	189
34	4	60	0	189
35	4	40	0	189
36	4	55	0	189
37	4	50	0	189
38	4	60	-250	189
39	4	55	0	189
40	4	40	0	189
41	4	60	0	189
42	1	100	0	189
43	1	120	0	189
44	3	45	0	189
45	2	110	0	189
46	4	40	0	189
47	1	80	-150	189
48	2	140	0	189
49	1	90	0	189
50	3	60	-50	189
51	4	45	0	189
52	4	55	0	189
53	4	65	0	189
54	4	70	0	189
55	4	50	0	189
56	4	70	-275	189
57	4	60	0	189
58	4	55	0	189
59	2	130	0	189
60	3	40	-50	189
61	1	110	-300	189
62	2	100	0	189
63	2	110	0	189
64	2	120	0	189
65	2	120	0	189
66	4	65	0	189
67	1	100	0	189
68	3	55	0	189
69	3	55	-25	189
70	2	140	0	189
71	2	110	0	189
72	4	80	0	189
73	4	40	0	189
74	4	80	0	189
75	4	40	0	189
76	4	65	0	189
77	1	80	-200	189
78	4	55	-300	189
79	4	60	0	189
80	4	65	0	189
81	4	75	0	189
82	4	60	0	189
83	4	65	0	189
84	4	75	-325	189
85	4	85	0	189
86	4	45	0	189
87	1	120	0	189
88	1	110	-250	189
89	1	90	-350	189
90	1	110	0	189
91	1	130	-350	189
92	2	130	0	189
93	1	90	0	189
94	1	100	-250	189
95	2	140	-2000	189
96	2	120	0	189
97	2	110	0	189
98	2	130	0	189
99	2	150	0	189
100	4	55	0	189
1	1	100	0	197
2	4	50	0	197
3	1	120	0	197
4	2	100	0	197
5	1	80	-150	197
6	4	40	0	197
7	1	90	0	197
8	2	80	0	197
9	4	45	0	197
10	1	110	-300	197
11	4	45	0	197
12	3	50	0	197
13	2	110	0	197
14	4	55	0	197
15	1	100	0	197
16	3	60	0	197
17	4	60	0	197
18	2	120	0	197
19	1	80	-200	197
20	4	40	0	197
21	3	40	-50	197
22	2	90	0	197
23	1	120	0	197
24	4	55	0	197
25	3	55	0	197
26	4	50	0	197
27	2	100	0	197
28	1	110	-250	197
29	4	60	-250	197
30	2	90	0	197
31	1	90	-350	197
32	3	55	-50	197
33	4	55	0	197
34	2	120	0	197
35	1	110	0	197
36	4	40	0	197
37	2	110	-1250	197
38	3	45	0	197
39	1	130	-350	197
40	4	60	0	197
41	2	80	0	197
42	1	90	0	197
43	4	40	0	197
44	2	110	0	197
45	3	50	-50	197
46	4	45	0	197
47	2	100	0	197
48	1	100	-250	197
49	4	55	0	197
50	1	120	-200	197
51	3	45	0	197
52	2	90	0	197
53	4	65	0	197
54	3	60	-50	197
55	1	110	0	197
56	1	90	-300	197
57	4	70	0	197
58	3	40	-50	197
59	2	130	-1500	197
60	4	50	0	197
61	1	130	-150	197
62	4	70	-275	197
63	3	55	0	197
64	1	120	-250	197
65	4	60	0	197
66	1	100	0	197
67	2	120	0	197
68	3	55	-25	197
69	1	120	-250	197
70	2	130	0	197
71	4	55	0	197
72	1	140	-300	197
73	3	65	-75	197
74	4	65	0	197
75	1	110	0	197
76	2	110	0	197
77	4	80	0	197
78	3	45	0	197
79	2	90	0	197
80	1	110	-350	197
81	2	100	0	197
82	2	120	0	197
83	2	120	-1750	197
84	4	40	0	197
85	3	70	-25	197
86	1	100	0	197
87	4	80	0	197
88	3	40	0	197
89	2	110	0	197
90	1	120	-200	197
91	4	40	0	197
92	2	140	0	197
93	1	130	-250	197
94	4	65	0	197
95	4	55	-300	197
96	3	50	-25	197
97	2	130	0	197
98	1	110	-150	197
99	4	60	0	197
100	3	60	-75	197
1	2	100	0	202
2	1	100	0	202
3	4	50	0	202
4	3	50	0	202
5	3	60	0	202
6	3	40	-50	202
7	1	120	0	202
8	1	80	-150	202
9	2	80	0	202
10	4	40	0	202
11	3	55	0	202
12	1	90	0	202
13	1	110	-300	202
14	2	110	0	202
15	2	120	0	202
16	4	45	0	202
17	2	90	0	202
18	2	100	0	202
19	4	45	0	202
20	2	90	0	202
21	2	120	0	202
22	4	55	0	202
23	2	110	-1250	202
24	4	60	0	202
25	3	55	-50	202
26	2	80	0	202
27	1	100	0	202
28	2	110	0	202
29	3	45	0	202
30	4	40	0	202
31	1	80	-200	202
32	2	100	0	202
33	2	90	0	202
34	2	130	-1500	202
35	2	120	0	202
36	3	50	-50	202
37	4	55	0	202
38	3	45	0	202
39	1	120	0	202
40	2	130	0	202
41	3	60	-50	202
42	1	110	-250	202
43	4	50	0	202
44	2	110	0	202
45	3	40	-50	202
46	2	90	0	202
47	1	90	-350	202
48	2	100	0	202
49	1	110	0	202
50	4	60	-250	202
51	3	55	0	202
52	2	120	0	202
53	1	130	-350	202
54	2	120	-1750	202
55	2	110	0	202
56	2	140	0	202
57	2	130	0	202
58	2	100	0	202
59	2	110	0	202
60	2	120	0	202
61	2	120	0	202
62	2	140	0	202
63	2	110	0	202
64	2	130	0	202
65	2	140	-2000	202
66	2	120	0	202
67	1	90	0	202
68	4	55	0	202
69	3	55	-25	202
70	2	110	0	202
71	1	100	-250	202
72	2	130	0	202
73	2	150	0	202
74	2	110	0	202
75	2	150	0	202
76	2	120	0	202
77	4	40	0	202
78	2	140	0	202
79	2	140	0	202
80	3	65	-75	202
81	2	150	0	202
82	2	130	0	202
83	2	120	0	202
84	2	140	0	202
85	2	160	-2250	202
86	2	120	0	202
87	1	120	-200	202
88	2	160	0	202
89	4	60	0	202
90	4	40	0	202
91	2	130	0	202
92	2	150	0	202
93	2	150	0	202
94	4	45	0	202
95	2	160	0	202
96	4	55	0	202
97	4	65	0	202
98	4	70	0	202
99	2	140	0	202
100	2	130	0	202
1	3	50	0	215
2	1	100	0	215
3	4	50	0	215
4	2	100	0	215
5	1	120	0	215
6	3	60	0	215
7	4	40	0	215
8	1	80	-150	215
9	4	45	0	215
10	2	80	0	215
11	3	40	-50	215
12	1	90	0	215
13	1	110	-300	215
14	4	45	0	215
15	3	55	0	215
16	1	100	0	215
17	3	55	-50	215
18	2	110	0	215
19	3	45	0	215
20	2	120	0	215
21	4	55	0	215
22	4	60	0	215
23	1	80	-200	215
24	2	90	0	215
25	3	50	-50	215
26	2	100	0	215
27	1	120	0	215
28	4	40	0	215
29	3	45	0	215
30	1	110	-250	215
31	4	55	0	215
32	3	60	-50	215
33	2	90	0	215
34	3	40	-50	215
35	1	90	-350	215
36	4	50	0	215
37	3	55	0	215
38	1	110	0	215
39	4	60	-250	215
40	3	55	-25	215
41	2	120	0	215
42	1	130	-350	215
43	4	55	0	215
44	3	65	-75	215
45	1	90	0	215
46	2	110	-1250	215
47	3	45	0	215
48	4	40	0	215
49	1	100	-250	215
50	3	70	-25	215
51	4	60	0	215
52	1	120	-200	215
53	2	80	0	215
54	4	40	0	215
55	1	110	0	215
56	4	45	0	215
57	3	40	0	215
58	2	110	0	215
59	1	90	-300	215
60	4	55	0	215
61	2	100	0	215
62	1	130	-150	215
63	4	65	0	215
64	3	50	-25	215
65	1	120	-250	215
66	3	60	-75	215
67	4	70	0	215
68	3	70	0	215
69	2	90	0	215
70	1	100	0	215
71	3	40	-50	215
72	4	50	0	215
73	1	120	-250	215
74	3	60	0	215
75	1	140	-300	215
76	4	70	-275	215
77	3	65	-25	215
78	2	130	-1500	215
79	1	110	0	215
80	1	110	-350	215
81	4	60	0	215
82	4	55	0	215
83	2	120	0	215
84	3	55	0	215
85	2	130	0	215
86	4	65	0	215
87	1	100	0	215
88	1	120	-200	215
89	4	80	0	215
90	3	80	-50	215
91	2	110	0	215
92	2	90	0	215
93	3	40	-25	215
94	4	40	0	215
95	1	130	-250	215
96	3	60	-50	215
97	2	100	0	215
98	2	120	0	215
99	2	120	-1750	215
100	4	80	0	215
1	1	100	0	223
2	3	50	0	223
3	3	60	0	223
4	2	100	0	223
5	2	80	0	223
6	3	40	-50	223
7	3	55	0	223
8	2	110	0	223
9	4	50	0	223
10	4	40	0	223
11	1	120	0	223
12	1	80	-150	223
13	2	120	0	223
14	2	90	0	223
15	3	55	-50	223
16	2	100	0	223
17	2	90	0	223
18	2	120	0	223
19	2	110	-1250	223
20	2	80	0	223
21	1	90	0	223
22	1	110	-300	223
23	4	45	0	223
24	3	45	0	223
25	3	50	-50	223
26	4	45	0	223
27	4	55	0	223
28	1	100	0	223
29	4	60	0	223
30	2	110	0	223
31	3	45	0	223
32	4	40	0	223
33	3	60	-50	223
34	1	80	-200	223
35	4	55	0	223
36	3	40	-50	223
37	2	100	0	223
38	4	50	0	223
39	4	60	-250	223
40	3	55	0	223
41	2	90	0	223
42	4	55	0	223
43	3	55	-25	223
44	1	120	0	223
45	2	130	-1500	223
46	3	65	-75	223
47	4	40	0	223
48	2	120	0	223
49	1	110	-250	223
50	3	45	0	223
51	4	60	0	223
52	3	70	-25	223
53	2	130	0	223
54	2	110	0	223
55	1	90	-350	223
56	4	40	0	223
57	4	45	0	223
58	3	40	0	223
59	2	90	0	223
60	3	50	-25	223
61	1	110	0	223
62	2	100	0	223
63	3	60	-75	223
64	4	55	0	223
65	4	65	0	223
66	3	70	0	223
67	4	70	0	223
68	1	130	-350	223
69	4	50	0	223
70	2	120	0	223
71	4	70	-275	223
72	3	40	-50	223
73	2	120	-1750	223
74	4	60	0	223
75	3	60	0	223
76	4	55	0	223
77	2	110	0	223
78	3	65	-25	223
79	3	55	0	223
80	1	90	0	223
81	2	140	0	223
82	3	80	-50	223
83	3	40	-25	223
84	4	65	0	223
85	3	60	-50	223
86	4	80	0	223
87	2	130	0	223
88	4	40	0	223
89	3	55	0	223
90	1	100	-250	223
91	3	65	-25	223
92	3	40	-75	223
93	4	80	0	223
94	2	100	0	223
95	4	40	0	223
96	3	80	-50	223
97	4	65	0	223
98	2	110	0	223
99	3	65	-25	223
100	4	55	-300	223
1	1	100	0	233
2	2	100	0	233
3	3	50	0	233
4	4	50	0	233
5	1	120	0	233
6	2	80	0	233
7	3	60	0	233
8	4	40	0	233
9	1	80	-150	233
10	2	110	0	233
11	2	120	0	233
12	3	40	-50	233
13	4	45	0	233
14	2	90	0	233
15	4	45	0	233
16	2	100	0	233
17	4	55	0	233
18	2	90	0	233
19	1	90	0	233
20	2	120	0	233
21	1	110	-300	233
22	2	110	-1250	233
23	4	60	0	233
24	1	100	0	233
25	2	80	0	233
26	4	40	0	233
27	3	55	0	233
28	2	110	0	233
29	4	55	0	233
30	3	55	-50	233
31	2	100	0	233
32	1	80	-200	233
33	2	90	0	233
34	3	45	0	233
35	4	50	0	233
36	2	130	-1500	233
37	3	50	-50	233
38	4	60	-250	233
39	3	45	0	233
40	3	60	-50	233
41	2	120	0	233
42	4	55	0	233
43	3	40	-50	233
44	4	40	0	233
45	4	60	0	233
46	4	40	0	233
47	2	130	0	233
48	2	110	0	233
49	2	90	0	233
50	4	45	0	233
51	3	55	0	233
52	4	55	0	233
53	4	65	0	233
54	3	55	-25	233
55	4	70	0	233
56	4	50	0	233
57	4	70	-275	233
58	3	65	-75	233
59	1	120	0	233
60	4	60	0	233
61	4	55	0	233
62	3	45	0	233
63	4	65	0	233
64	3	70	-25	233
65	4	80	0	233
66	4	40	0	233
67	4	80	0	233
68	4	40	0	233
69	1	110	-250	233
70	4	65	0	233
71	4	55	-300	233
72	3	40	0	233
73	4	60	0	233
74	4	65	0	233
75	4	75	0	233
76	4	60	0	233
77	4	65	0	233
78	4	75	-325	233
79	4	85	0	233
80	4	45	0	233
81	4	55	0	233
82	4	70	0	233
83	3	50	-25	233
84	3	60	-75	233
85	3	70	0	233
86	3	40	-50	233
87	3	60	0	233
88	4	55	0	233
89	4	70	0	233
90	4	80	0	233
91	4	65	0	233
92	4	70	0	233
93	4	80	-350	233
94	4	90	0	233
95	4	50	0	233
96	4	60	0	233
97	4	75	0	233
98	4	60	0	233
99	4	75	0	233
100	4	85	0	233
1	2	100	0	239
2	1	100	0	239
3	4	50	0	239
4	3	50	0	239
5	2	80	0	239
6	4	40	0	239
7	2	110	0	239
8	1	120	0	239
9	4	45	0	239
10	3	60	0	239
11	2	120	0	239
12	4	45	0	239
13	1	80	-150	239
14	3	40	-50	239
15	2	90	0	239
16	4	55	0	239
17	1	90	0	239
18	2	100	0	239
19	4	60	0	239
20	2	90	0	239
21	3	55	0	239
22	1	110	-300	239
23	4	40	0	239
24	3	55	-50	239
25	2	120	0	239
26	1	100	0	239
27	4	55	0	239
28	3	45	0	239
29	2	110	-1250	239
30	1	80	-200	239
31	4	50	0	239
32	4	60	-250	239
33	2	80	0	239
34	1	120	0	239
35	3	50	-50	239
36	4	55	0	239
37	2	110	0	239
38	3	45	0	239
39	1	110	-250	239
40	4	40	0	239
41	3	60	-50	239
42	2	100	0	239
43	1	90	-350	239
44	3	40	-50	239
45	3	55	0	239
46	1	110	0	239
47	4	60	0	239
48	2	90	0	239
49	3	55	-25	239
50	4	40	0	239
51	1	130	-350	239
52	2	130	-1500	239
53	4	45	0	239
54	2	120	0	239
55	3	65	-75	239
56	4	55	0	239
57	1	90	0	239
58	2	130	0	239
59	2	110	0	239
60	3	45	0	239
61	4	65	0	239
62	1	100	-250	239
63	2	90	0	239
64	4	70	0	239
65	3	70	-25	239
66	2	100	0	239
67	4	50	0	239
68	1	120	-200	239
69	2	120	0	239
70	3	40	0	239
71	4	70	-275	239
72	3	50	-25	239
73	2	120	-1750	239
74	4	60	0	239
75	1	110	0	239
76	3	60	-75	239
77	4	55	0	239
78	1	90	-300	239
79	2	110	0	239
80	3	70	0	239
81	4	65	0	239
82	3	40	-50	239
83	2	140	0	239
84	2	130	0	239
85	2	100	0	239
86	2	110	0	239
87	2	120	0	239
88	3	60	0	239
89	4	80	0	239
90	1	130	-150	239
91	3	65	-25	239
92	4	40	0	239
93	2	120	0	239
94	4	80	0	239
95	1	120	-250	239
96	3	55	0	239
97	3	80	-50	239
98	2	140	0	239
99	4	40	0	239
100	3	40	-25	239
1	1	100	0	253
2	2	100	0	253
3	3	50	0	253
4	4	50	0	253
5	2	80	0	253
6	1	120	0	253
7	1	80	-150	253
8	4	40	0	253
9	4	45	0	253
10	3	60	0	253
11	2	110	0	253
12	2	120	0	253
13	2	90	0	253
14	3	40	-50	253
15	2	100	0	253
16	2	90	0	253
17	2	120	0	253
18	2	110	-1250	253
19	2	80	0	253
20	2	110	0	253
21	2	100	0	253
22	1	90	0	253
23	1	110	-300	253
24	2	90	0	253
25	4	45	0	253
26	4	55	0	253
27	4	60	0	253
28	4	40	0	253
29	4	55	0	253
30	2	130	-1500	253
31	2	120	0	253
32	2	130	0	253
33	2	110	0	253
34	2	90	0	253
35	4	50	0	253
36	4	60	-250	253
37	4	55	0	253
38	4	40	0	253
39	2	100	0	253
40	2	120	0	253
41	2	120	-1750	253
42	2	110	0	253
43	2	140	0	253
44	2	130	0	253
45	2	100	0	253
46	4	60	0	253
47	4	40	0	253
48	3	55	0	253
49	1	100	0	253
50	2	110	0	253
51	3	55	-50	253
52	4	45	0	253
53	4	55	0	253
54	4	65	0	253
55	4	70	0	253
56	2	120	0	253
57	2	120	0	253
58	2	140	0	253
59	2	110	0	253
60	2	130	0	253
61	2	140	-2000	253
62	2	120	0	253
63	2	110	0	253
64	2	130	0	253
65	2	150	0	253
66	2	110	0	253
67	2	150	0	253
68	2	120	0	253
69	4	50	0	253
70	4	70	-275	253
71	4	60	0	253
72	4	55	0	253
73	4	65	0	253
74	4	80	0	253
75	4	40	0	253
76	4	80	0	253
77	4	40	0	253
78	3	45	0	253
79	1	80	-200	253
80	4	65	0	253
81	3	50	-50	253
82	2	140	0	253
83	2	140	0	253
84	2	150	0	253
85	2	130	0	253
86	2	120	0	253
87	2	140	0	253
88	2	160	-2250	253
89	2	120	0	253
90	2	160	0	253
91	2	130	0	253
92	2	150	0	253
93	2	150	0	253
94	2	160	0	253
95	2	140	0	253
96	4	55	-300	253
97	4	60	0	253
98	4	65	0	253
99	4	75	0	253
100	4	60	0	253
1	1	100	0	256
2	1	120	0	256
3	3	50	0	256
4	3	60	0	256
5	3	40	-50	256
6	2	100	0	256
7	4	50	0	256
8	4	40	0	256
9	2	80	0	256
10	4	45	0	256
11	2	110	0	256
12	2	120	0	256
13	4	45	0	256
14	2	90	0	256
15	1	80	-150	256
16	2	100	0	256
17	2	90	0	256
18	4	55	0	256
19	4	60	0	256
20	2	120	0	256
21	2	110	-1250	256
22	4	40	0	256
23	1	90	0	256
24	2	80	0	256
25	4	55	0	256
26	1	110	-300	256
27	2	110	0	256
28	4	50	0	256
29	4	60	-250	256
30	3	55	0	256
31	2	100	0	256
32	2	90	0	256
33	1	100	0	256
34	2	130	-1500	256
35	1	80	-200	256
36	3	55	-50	256
37	4	55	0	256
38	4	40	0	256
39	3	45	0	256
40	4	60	0	256
41	2	120	0	256
42	1	120	0	256
43	3	50	-50	256
44	4	40	0	256
45	4	45	0	256
46	4	55	0	256
47	2	130	0	256
48	4	65	0	256
49	4	70	0	256
50	3	45	0	256
51	1	110	-250	256
52	4	50	0	256
53	4	70	-275	256
54	3	60	-50	256
55	4	60	0	256
56	3	40	-50	256
57	4	55	0	256
58	2	110	0	256
59	2	90	0	256
60	3	55	0	256
61	4	65	0	256
62	4	80	0	256
63	4	40	0	256
64	3	55	-25	256
65	4	80	0	256
66	4	40	0	256
67	4	65	0	256
68	3	65	-75	256
69	4	55	-300	256
70	1	90	-350	256
71	2	100	0	256
72	4	60	0	256
73	4	65	0	256
74	3	45	0	256
75	3	70	-25	256
76	3	40	0	256
77	4	75	0	256
78	4	60	0	256
79	4	65	0	256
80	4	75	-325	256
81	3	50	-25	256
82	3	60	-75	256
83	4	85	0	256
84	3	70	0	256
85	4	45	0	256
86	3	40	-50	256
87	4	55	0	256
88	4	70	0	256
89	3	60	0	256
90	3	65	-25	256
91	3	55	0	256
92	3	80	-50	256
93	3	40	-25	256
94	3	60	-50	256
95	4	55	0	256
96	4	70	0	256
97	3	55	0	256
98	3	65	-25	256
99	4	80	0	256
100	4	65	0	256
1	1	100	0	257
2	2	100	0	257
3	3	50	0	257
4	4	50	0	257
5	2	80	0	257
6	3	60	0	257
7	1	120	0	257
8	4	40	0	257
9	2	110	0	257
10	3	40	-50	257
11	4	45	0	257
12	1	80	-150	257
13	2	120	0	257
14	3	55	0	257
15	1	90	0	257
16	4	45	0	257
17	2	90	0	257
18	3	55	-50	257
19	1	110	-300	257
20	4	55	0	257
21	1	100	0	257
22	3	45	0	257
23	2	100	0	257
24	1	80	-200	257
25	2	90	0	257
26	3	50	-50	257
27	4	60	0	257
28	3	45	0	257
29	1	120	0	257
30	4	40	0	257
31	1	110	-250	257
32	2	120	0	257
33	4	55	0	257
34	3	60	-50	257
35	1	90	-350	257
36	2	110	-1250	257
37	4	50	0	257
38	3	40	-50	257
39	1	110	0	257
40	4	60	-250	257
41	3	55	0	257
42	3	55	-25	257
43	4	55	0	257
44	4	40	0	257
45	1	130	-350	257
46	2	80	0	257
47	3	65	-75	257
48	1	90	0	257
49	4	60	0	257
50	4	40	0	257
51	1	100	-250	257
52	4	45	0	257
53	3	45	0	257
54	2	110	0	257
55	4	55	0	257
56	4	65	0	257
57	1	120	-200	257
58	4	70	0	257
59	3	70	-25	257
60	2	100	0	257
61	1	110	0	257
62	4	50	0	257
63	3	40	0	257
64	4	70	-275	257
65	1	90	-300	257
66	2	90	0	257
67	2	130	-1500	257
68	3	50	-25	257
69	4	60	0	257
70	1	130	-150	257
71	2	120	0	257
72	4	55	0	257
73	3	60	-75	257
74	1	120	-250	257
75	2	130	0	257
76	4	65	0	257
77	3	70	0	257
78	1	100	0	257
79	4	80	0	257
80	4	40	0	257
81	2	110	0	257
82	1	120	-250	257
83	2	90	0	257
84	1	140	-300	257
85	2	100	0	257
86	4	80	0	257
87	3	40	-50	257
88	1	110	0	257
89	4	40	0	257
90	4	65	0	257
91	1	110	-350	257
92	2	120	0	257
93	2	120	-1750	257
94	1	100	0	257
95	1	120	-200	257
96	4	55	-300	257
97	3	60	0	257
98	2	110	0	257
99	2	140	0	257
100	3	65	-25	257
1	3	50	0	258
2	2	100	0	258
3	4	50	0	258
4	1	100	0	258
5	2	80	0	258
6	3	60	0	258
7	1	120	0	258
8	4	40	0	258
9	3	40	-50	258
10	2	110	0	258
11	4	45	0	258
12	3	55	0	258
13	1	80	-150	258
14	2	120	0	258
15	4	45	0	258
16	2	90	0	258
17	3	55	-50	258
18	4	55	0	258
19	1	90	0	258
20	3	45	0	258
21	2	100	0	258
22	4	60	0	258
23	3	50	-50	258
24	2	90	0	258
25	1	110	-300	258
26	4	40	0	258
27	3	45	0	258
28	2	120	0	258
29	4	55	0	258
30	2	110	-1250	258
31	1	100	0	258
32	4	50	0	258
33	3	60	-50	258
34	3	40	-50	258
35	3	55	0	258
36	3	55	-25	258
37	2	80	0	258
38	2	110	0	258
39	2	100	0	258
40	2	90	0	258
41	2	130	-1500	258
42	4	60	-250	258
43	1	80	-200	258
44	3	65	-75	258
45	2	120	0	258
46	4	55	0	258
47	3	45	0	258
48	2	130	0	258
49	1	120	0	258
50	4	40	0	258
51	3	70	-25	258
52	2	110	0	258
53	2	90	0	258
54	2	100	0	258
55	2	120	0	258
56	2	120	-1750	258
57	4	60	0	258
58	4	40	0	258
59	4	45	0	258
60	3	40	0	258
61	3	50	-25	258
62	2	110	0	258
63	2	140	0	258
64	2	130	0	258
65	1	110	-250	258
66	1	90	-350	258
67	4	55	0	258
68	4	65	0	258
69	4	70	0	258
70	4	50	0	258
71	4	70	-275	258
72	3	60	-75	258
73	2	100	0	258
74	2	110	0	258
75	2	120	0	258
76	2	120	0	258
77	2	140	0	258
78	2	110	0	258
79	2	130	0	258
80	2	140	-2000	258
81	3	70	0	258
82	3	40	-50	258
83	3	60	0	258
84	2	120	0	258
85	4	60	0	258
86	4	55	0	258
87	3	65	-25	258
88	4	65	0	258
89	4	80	0	258
90	4	40	0	258
91	3	55	0	258
92	2	110	0	258
93	2	130	0	258
94	2	150	0	258
95	2	110	0	258
96	2	150	0	258
97	2	120	0	258
98	2	140	0	258
99	2	140	0	258
100	2	150	0	258
1	1	100	0	262
2	4	50	0	262
3	2	100	0	262
4	3	50	0	262
5	1	120	0	262
6	3	60	0	262
7	4	40	0	262
8	1	80	-150	262
9	3	40	-50	262
10	2	80	0	262
11	4	45	0	262
12	1	90	0	262
13	1	110	-300	262
14	2	110	0	262
15	3	55	0	262
16	2	120	0	262
17	3	55	-50	262
18	1	100	0	262
19	2	90	0	262
20	1	80	-200	262
21	2	100	0	262
22	3	45	0	262
23	4	45	0	262
24	2	90	0	262
25	4	55	0	262
26	2	120	0	262
27	2	110	-1250	262
28	4	60	0	262
29	4	40	0	262
30	3	50	-50	262
31	2	80	0	262
32	1	120	0	262
33	1	110	-250	262
34	4	55	0	262
35	2	110	0	262
36	4	50	0	262
37	2	100	0	262
38	2	90	0	262
39	4	60	-250	262
40	4	55	0	262
41	2	130	-1500	262
42	3	45	0	262
43	3	60	-50	262
44	4	40	0	262
45	1	90	-350	262
46	4	60	0	262
47	3	40	-50	262
48	4	40	0	262
49	3	55	0	262
50	4	45	0	262
51	3	55	-25	262
52	4	55	0	262
53	3	65	-75	262
54	1	110	0	262
55	2	120	0	262
56	3	45	0	262
57	1	130	-350	262
58	4	65	0	262
59	3	70	-25	262
60	4	70	0	262
61	3	40	0	262
62	4	50	0	262
63	3	50	-25	262
64	4	70	-275	262
65	3	60	-75	262
66	2	130	0	262
67	1	90	0	262
68	3	70	0	262
69	4	60	0	262
70	1	100	-250	262
71	4	55	0	262
72	3	40	-50	262
73	2	110	0	262
74	3	60	0	262
75	2	90	0	262
76	3	65	-25	262
77	4	65	0	262
78	4	80	0	262
79	4	40	0	262
80	3	55	0	262
81	1	120	-200	262
82	2	100	0	262
83	3	80	-50	262
84	4	80	0	262
85	4	40	0	262
86	4	65	0	262
87	3	40	-25	262
88	4	55	-300	262
89	3	60	-50	262
90	1	110	0	262
91	2	120	0	262
92	3	55	0	262
93	4	60	0	262
94	3	65	-25	262
95	4	65	0	262
96	3	40	-75	262
97	4	75	0	262
98	4	60	0	262
99	4	65	0	262
100	1	90	-300	262
1	3	50	0	266
2	3	60	0	266
3	2	100	0	266
4	1	100	0	266
5	4	50	0	266
6	2	80	0	266
7	2	110	0	266
8	1	120	0	266
9	3	40	-50	266
10	4	40	0	266
11	2	120	0	266
12	1	80	-150	266
13	1	90	0	266
14	1	110	-300	266
15	1	100	0	266
16	1	80	-200	266
17	3	55	0	266
18	2	90	0	266
19	3	55	-50	266
20	4	45	0	266
21	1	120	0	266
22	4	45	0	266
23	2	100	0	266
24	3	45	0	266
25	3	50	-50	266
26	1	110	-250	266
27	4	55	0	266
28	3	45	0	266
29	2	90	0	266
30	1	90	-350	266
31	2	120	0	266
32	4	60	0	266
33	3	60	-50	266
34	2	110	-1250	266
35	2	80	0	266
36	2	110	0	266
37	2	100	0	266
38	1	110	0	266
39	2	90	0	266
40	2	130	-1500	266
41	2	120	0	266
42	1	130	-350	266
43	3	40	-50	266
44	2	130	0	266
45	4	40	0	266
46	3	55	0	266
47	4	55	0	266
48	1	90	0	266
49	2	110	0	266
50	1	100	-250	266
51	1	120	-200	266
52	2	90	0	266
53	4	50	0	266
54	3	55	-25	266
55	1	110	0	266
56	2	100	0	266
57	3	65	-75	266
58	1	90	-300	266
59	1	130	-150	266
60	1	120	-250	266
61	3	45	0	266
62	4	60	-250	266
63	2	120	0	266
64	4	55	0	266
65	2	120	-1750	266
66	1	100	0	266
67	3	70	-25	266
68	4	40	0	266
69	1	120	-250	266
70	2	110	0	266
71	1	140	-300	266
72	3	40	0	266
73	1	110	0	266
74	4	60	0	266
75	2	140	0	266
76	3	50	-25	266
77	3	60	-75	266
78	3	70	0	266
79	3	40	-50	266
80	4	40	0	266
81	2	130	0	266
82	4	45	0	266
83	4	55	0	266
84	2	100	0	266
85	4	65	0	266
86	2	110	0	266
87	1	110	-350	266
88	2	120	0	266
89	4	70	0	266
90	2	120	0	266
91	4	50	0	266
92	2	140	0	266
93	4	70	-275	266
94	2	110	0	266
95	4	60	0	266
96	3	60	0	266
97	1	100	0	266
98	3	65	-25	266
99	1	120	-200	266
100	2	130	0	266
1	2	100	0	269
2	3	50	0	269
3	1	100	0	269
4	4	50	0	269
5	2	80	0	269
6	3	60	0	269
7	1	120	0	269
8	4	40	0	269
9	2	110	0	269
10	3	40	-50	269
11	1	80	-150	269
12	4	45	0	269
13	2	120	0	269
14	3	55	0	269
15	1	90	0	269
16	4	45	0	269
17	2	90	0	269
18	3	55	-50	269
19	1	110	-300	269
20	4	55	0	269
21	2	100	0	269
22	4	60	0	269
23	2	90	0	269
24	4	40	0	269
25	2	120	0	269
26	4	55	0	269
27	2	110	-1250	269
28	1	100	0	269
29	4	50	0	269
30	2	80	0	269
31	3	45	0	269
32	1	80	-200	269
33	4	60	-250	269
34	2	110	0	269
35	3	50	-50	269
36	2	100	0	269
37	1	120	0	269
38	4	55	0	269
39	3	45	0	269
40	2	90	0	269
41	1	110	-250	269
42	1	90	-350	269
43	2	130	-1500	269
44	3	60	-50	269
45	2	120	0	269
46	1	110	0	269
47	4	40	0	269
48	3	40	-50	269
49	1	130	-350	269
50	2	130	0	269
51	3	55	0	269
52	4	60	0	269
53	1	90	0	269
54	2	110	0	269
55	2	90	0	269
56	3	55	-25	269
57	1	100	-250	269
58	4	40	0	269
59	2	100	0	269
60	2	120	0	269
61	1	120	-200	269
62	3	65	-75	269
63	4	45	0	269
64	3	45	0	269
65	2	120	-1750	269
66	3	70	-25	269
67	4	55	0	269
68	3	40	0	269
69	1	110	0	269
70	3	50	-25	269
71	4	65	0	269
72	3	60	-75	269
73	4	70	0	269
74	1	90	-300	269
75	2	110	0	269
76	3	70	0	269
77	4	50	0	269
78	4	70	-275	269
79	3	40	-50	269
80	3	60	0	269
81	4	60	0	269
82	2	140	0	269
83	1	130	-150	269
84	2	130	0	269
85	4	55	0	269
86	3	65	-25	269
87	4	65	0	269
88	3	55	0	269
89	1	120	-250	269
90	2	100	0	269
91	4	80	0	269
92	3	80	-50	269
93	2	110	0	269
94	4	40	0	269
95	3	40	-25	269
96	3	60	-50	269
97	4	80	0	269
98	1	100	0	269
99	2	120	0	269
100	4	40	0	269
1	3	50	0	287
2	1	100	0	287
3	4	50	0	287
4	3	60	0	287
5	1	120	0	287
6	4	40	0	287
7	3	40	-50	287
8	2	100	0	287
9	1	80	-150	287
10	4	45	0	287
11	4	45	0	287
12	2	80	0	287
13	3	55	0	287
14	4	55	0	287
15	2	110	0	287
16	4	60	0	287
17	2	120	0	287
18	4	40	0	287
19	2	90	0	287
20	4	55	0	287
21	2	100	0	287
22	4	50	0	287
23	2	90	0	287
24	4	60	-250	287
25	2	120	0	287
26	1	90	0	287
27	4	55	0	287
28	3	55	-50	287
29	2	110	-1250	287
30	2	80	0	287
31	1	110	-300	287
32	4	40	0	287
33	2	110	0	287
34	4	60	0	287
35	1	100	0	287
36	3	45	0	287
37	2	100	0	287
38	4	40	0	287
39	1	80	-200	287
40	3	50	-50	287
41	2	90	0	287
42	4	45	0	287
43	1	120	0	287
44	3	45	0	287
45	2	130	-1500	287
46	4	55	0	287
47	1	110	-250	287
48	2	120	0	287
49	4	65	0	287
50	1	90	-350	287
51	3	60	-50	287
52	2	130	0	287
53	1	110	0	287
54	3	40	-50	287
55	4	70	0	287
56	1	130	-350	287
57	4	50	0	287
58	2	110	0	287
59	3	55	0	287
60	4	70	-275	287
61	1	90	0	287
62	2	90	0	287
63	3	55	-25	287
64	4	60	0	287
65	1	100	-250	287
66	3	65	-75	287
67	4	55	0	287
68	2	100	0	287
69	4	65	0	287
70	2	120	0	287
71	4	80	0	287
72	2	120	-1750	287
73	2	110	0	287
74	4	40	0	287
75	4	80	0	287
76	1	120	-200	287
77	3	45	0	287
78	4	40	0	287
79	2	140	0	287
80	3	70	-25	287
81	1	110	0	287
82	3	40	0	287
83	1	90	-300	287
84	2	130	0	287
85	4	65	0	287
86	2	100	0	287
87	4	55	-300	287
88	2	110	0	287
89	3	50	-25	287
90	2	120	0	287
91	4	60	0	287
92	3	60	-75	287
93	2	120	0	287
94	2	140	0	287
95	2	110	0	287
96	3	70	0	287
97	2	130	0	287
98	3	40	-50	287
99	4	65	0	287
100	2	140	-2000	287
1	3	50	0	288
2	1	100	0	288
3	4	50	0	288
4	2	100	0	288
5	2	80	0	288
6	3	60	0	288
7	1	120	0	288
8	3	40	-50	288
9	4	40	0	288
10	2	110	0	288
11	1	80	-150	288
12	3	55	0	288
13	2	120	0	288
14	2	90	0	288
15	4	45	0	288
16	2	100	0	288
17	2	90	0	288
18	3	55	-50	288
19	2	120	0	288
20	2	110	-1250	288
21	4	45	0	288
22	1	90	0	288
23	1	110	-300	288
24	2	80	0	288
25	3	45	0	288
26	2	110	0	288
27	1	100	0	288
28	1	80	-200	288
29	3	50	-50	288
30	2	100	0	288
31	4	55	0	288
32	4	60	0	288
33	1	120	0	288
34	1	110	-250	288
35	3	45	0	288
36	2	90	0	288
37	2	130	-1500	288
38	3	60	-50	288
39	2	120	0	288
40	2	130	0	288
41	2	110	0	288
42	1	90	-350	288
43	2	90	0	288
44	2	100	0	288
45	2	120	0	288
46	3	40	-50	288
47	2	120	-1750	288
48	2	110	0	288
49	2	140	0	288
50	2	130	0	288
51	2	100	0	288
52	3	55	0	288
53	3	55	-25	288
54	1	110	0	288
55	1	130	-350	288
56	2	110	0	288
57	4	40	0	288
58	2	120	0	288
59	2	120	0	288
60	4	55	0	288
61	4	50	0	288
62	2	140	0	288
63	3	65	-75	288
64	2	110	0	288
65	2	130	0	288
66	2	140	-2000	288
67	2	120	0	288
68	2	110	0	288
69	2	130	0	288
70	2	150	0	288
71	2	110	0	288
72	3	45	0	288
73	3	70	-25	288
74	2	150	0	288
75	2	120	0	288
76	2	140	0	288
77	4	60	-250	288
78	2	140	0	288
79	2	150	0	288
80	2	130	0	288
81	2	120	0	288
82	1	90	0	288
83	2	140	0	288
84	1	100	-250	288
85	2	160	-2250	288
86	2	120	0	288
87	2	160	0	288
88	2	130	0	288
89	2	150	0	288
90	2	150	0	288
91	2	160	0	288
92	2	140	0	288
93	3	40	0	288
94	2	130	0	288
95	4	55	0	288
96	2	150	0	288
97	1	120	-200	288
98	2	170	0	288
99	2	130	0	288
100	3	50	-25	288
1	2	100	0	289
2	4	50	0	289
3	1	100	0	289
4	3	50	0	289
5	2	80	0	289
6	2	110	0	289
7	3	60	0	289
8	4	40	0	289
9	4	45	0	289
10	1	120	0	289
11	2	120	0	289
12	3	40	-50	289
13	2	90	0	289
14	2	100	0	289
15	2	90	0	289
16	1	80	-150	289
17	3	55	0	289
18	3	55	-50	289
19	2	120	0	289
20	2	110	-1250	289
21	3	45	0	289
22	3	50	-50	289
23	2	80	0	289
24	2	110	0	289
25	4	45	0	289
26	3	45	0	289
27	3	60	-50	289
28	1	90	0	289
29	2	100	0	289
30	2	90	0	289
31	3	40	-50	289
32	4	55	0	289
33	3	55	0	289
34	1	110	-300	289
35	2	130	-1500	289
36	2	120	0	289
37	2	130	0	289
38	2	110	0	289
39	2	90	0	289
40	3	55	-25	289
41	4	60	0	289
42	4	40	0	289
43	4	55	0	289
44	3	65	-75	289
45	2	100	0	289
46	2	120	0	289
47	2	120	-1750	289
48	3	45	0	289
49	4	50	0	289
50	4	60	-250	289
51	4	55	0	289
52	3	70	-25	289
53	2	110	0	289
54	2	140	0	289
55	2	130	0	289
56	2	100	0	289
57	2	110	0	289
58	2	120	0	289
59	2	120	0	289
60	2	140	0	289
61	2	110	0	289
62	2	130	0	289
63	2	140	-2000	289
64	3	40	0	289
65	1	100	0	289
66	2	120	0	289
67	2	110	0	289
68	2	130	0	289
69	2	150	0	289
70	2	110	0	289
71	2	150	0	289
72	2	120	0	289
73	2	140	0	289
74	2	140	0	289
75	2	150	0	289
76	2	130	0	289
77	2	120	0	289
78	2	140	0	289
79	2	160	-2250	289
80	2	120	0	289
81	2	160	0	289
82	3	50	-25	289
83	2	130	0	289
84	2	150	0	289
85	2	150	0	289
86	2	160	0	289
87	2	140	0	289
88	2	130	0	289
89	2	150	0	289
90	2	170	0	289
91	2	130	0	289
92	2	170	-2500	289
93	2	140	0	289
94	3	60	-75	289
95	4	40	0	289
96	1	80	-200	289
97	2	160	0	289
1	2	100	0	290
2	3	50	0	290
3	1	100	0	290
4	4	50	0	290
5	2	80	0	290
6	1	120	0	290
7	2	110	0	290
8	1	80	-150	290
9	2	120	0	290
10	3	60	0	290
11	4	40	0	290
12	2	90	0	290
13	2	100	0	290
14	2	90	0	290
15	1	90	0	290
16	2	120	0	290
17	2	110	-1250	290
18	1	110	-300	290
19	3	40	-50	290
20	4	45	0	290
21	2	80	0	290
22	4	45	0	290
23	1	100	0	290
24	3	55	0	290
25	2	110	0	290
26	4	55	0	290
27	1	80	-200	290
28	2	100	0	290
29	3	55	-50	290
30	1	120	0	290
31	2	90	0	290
32	3	45	0	290
33	4	60	0	290
34	2	130	-1500	290
35	1	110	-250	290
36	3	50	-50	290
37	3	45	0	290
38	4	40	0	290
39	2	120	0	290
40	3	60	-50	290
41	1	90	-350	290
42	2	130	0	290
43	4	55	0	290
44	4	50	0	290
45	3	40	-50	290
46	3	55	0	290
47	3	55	-25	290
48	2	110	0	290
49	1	110	0	290
50	1	130	-350	290
51	3	65	-75	290
52	4	60	-250	290
53	3	45	0	290
54	1	90	0	290
55	2	90	0	290
56	4	55	0	290
57	3	70	-25	290
58	2	100	0	290
59	2	120	0	290
60	1	100	-250	290
61	2	120	-1750	290
62	3	40	0	290
63	3	50	-25	290
64	2	110	0	290
65	4	40	0	290
66	2	140	0	290
67	2	130	0	290
68	2	100	0	290
69	2	110	0	290
70	2	120	0	290
71	2	120	0	290
72	2	140	0	290
73	2	110	0	290
74	2	130	0	290
75	2	140	-2000	290
76	3	60	-75	290
77	1	120	-200	290
78	2	120	0	290
79	4	60	0	290
80	4	40	0	290
81	2	110	0	290
82	4	45	0	290
83	3	70	0	290
84	3	40	-50	290
85	1	110	0	290
86	3	60	0	290
87	4	55	0	290
88	2	130	0	290
89	4	65	0	290
90	2	150	0	290
91	3	65	-25	290
92	4	70	0	290
93	2	110	0	290
94	4	50	0	290
95	3	55	0	290
96	1	90	-300	290
97	3	80	-50	290
98	4	70	-275	290
99	3	40	-25	290
100	2	150	0	290
1	2	100	0	294
2	4	50	0	294
3	1	100	0	294
4	2	80	0	294
5	4	40	0	294
6	2	110	0	294
7	1	120	0	294
8	1	80	-150	294
9	4	45	0	294
10	2	120	0	294
11	4	45	0	294
12	2	90	0	294
13	3	50	0	294
14	1	90	0	294
15	2	100	0	294
16	4	55	0	294
17	2	90	0	294
18	3	60	0	294
19	1	110	-300	294
20	4	60	0	294
21	2	120	0	294
22	3	40	-50	294
23	2	110	-1250	294
24	4	40	0	294
25	3	55	0	294
26	4	55	0	294
27	1	100	0	294
28	1	80	-200	294
29	1	120	0	294
30	1	110	-250	294
31	4	50	0	294
32	1	90	-350	294
33	4	60	-250	294
34	2	80	0	294
35	3	55	-50	294
36	2	110	0	294
37	2	100	0	294
38	4	55	0	294
39	1	110	0	294
40	1	130	-350	294
41	3	45	0	294
42	2	90	0	294
43	1	90	0	294
44	4	40	0	294
45	4	60	0	294
46	4	40	0	294
47	2	130	-1500	294
48	3	50	-50	294
49	1	100	-250	294
50	4	45	0	294
51	1	120	-200	294
52	3	45	0	294
53	1	110	0	294
54	3	60	-50	294
55	1	90	-300	294
56	3	40	-50	294
57	1	130	-150	294
58	3	55	0	294
59	4	55	0	294
60	1	120	-250	294
61	1	100	0	294
62	1	120	-250	294
63	4	65	0	294
64	3	55	-25	294
65	3	65	-75	294
66	3	45	0	294
67	3	70	-25	294
68	3	40	0	294
69	3	50	-25	294
70	3	60	-75	294
71	3	70	0	294
72	3	40	-50	294
73	3	60	0	294
74	1	140	-300	294
75	1	110	0	294
76	3	65	-25	294
77	4	70	0	294
78	3	55	0	294
79	3	80	-50	294
80	3	40	-25	294
81	1	110	-350	294
82	1	100	0	294
83	1	120	-200	294
84	2	120	0	294
85	3	60	-50	294
86	2	130	0	294
87	3	55	0	294
88	3	65	-25	294
89	2	110	0	294
90	3	40	-75	294
91	2	90	0	294
92	3	80	-50	294
93	2	100	0	294
94	3	65	-25	294
95	2	120	0	294
96	3	75	0	294
97	3	55	-25	294
98	2	120	-1750	294
99	3	60	-25	294
100	2	110	0	294
1	1	100	0	296
2	1	120	0	296
3	3	50	0	296
4	3	60	0	296
5	4	50	0	296
6	1	80	-150	296
7	3	40	-50	296
8	2	100	0	296
9	4	40	0	296
10	2	80	0	296
11	2	110	0	296
12	4	45	0	296
13	1	90	0	296
14	2	120	0	296
15	4	45	0	296
16	3	55	0	296
17	1	110	-300	296
18	2	90	0	296
19	4	55	0	296
20	2	100	0	296
21	2	90	0	296
22	4	60	0	296
23	2	120	0	296
24	4	40	0	296
25	2	110	-1250	296
26	2	80	0	296
27	4	55	0	296
28	2	110	0	296
29	4	50	0	296
30	3	55	-50	296
31	2	100	0	296
32	4	60	-250	296
33	2	90	0	296
34	1	100	0	296
35	2	130	-1500	296
36	2	120	0	296
37	2	130	0	296
38	4	55	0	296
39	2	110	0	296
40	2	90	0	296
41	1	80	-200	296
42	2	100	0	296
43	4	40	0	296
44	2	120	0	296
45	4	60	0	296
46	2	120	-1750	296
47	2	110	0	296
48	3	45	0	296
49	4	40	0	296
50	2	140	0	296
51	4	45	0	296
52	2	130	0	296
53	3	50	-50	296
54	2	100	0	296
55	2	110	0	296
56	2	120	0	296
57	2	120	0	296
58	4	55	0	296
59	2	140	0	296
60	2	110	0	296
61	4	65	0	296
62	2	130	0	296
63	2	140	-2000	296
64	2	120	0	296
65	4	70	0	296
66	1	120	0	296
67	2	110	0	296
68	3	45	0	296
69	4	50	0	296
70	2	130	0	296
71	2	150	0	296
72	1	110	-250	296
73	3	60	-50	296
74	4	70	-275	296
75	2	110	0	296
76	2	150	0	296
77	2	120	0	296
78	2	140	0	296
79	4	60	0	296
80	4	55	0	296
81	4	65	0	296
82	2	140	0	296
83	2	150	0	296
84	4	80	0	296
85	2	130	0	296
86	4	40	0	296
87	2	120	0	296
88	2	140	0	296
89	4	80	0	296
90	4	40	0	296
91	2	160	-2250	296
92	2	120	0	296
93	2	160	0	296
94	2	130	0	296
95	2	150	0	296
96	2	150	0	296
97	2	160	0	296
98	2	140	0	296
99	2	130	0	296
100	2	150	0	296
1	1	100	0	298
2	2	100	0	298
3	3	50	0	298
4	4	50	0	298
5	2	80	0	298
6	1	120	0	298
7	3	60	0	298
8	4	40	0	298
9	1	80	-150	298
10	2	110	0	298
11	4	45	0	298
12	3	40	-50	298
13	2	120	0	298
14	1	90	0	298
15	3	55	0	298
16	2	90	0	298
17	1	110	-300	298
18	4	45	0	298
19	3	55	-50	298
20	3	45	0	298
21	1	100	0	298
22	4	55	0	298
23	2	100	0	298
24	3	50	-50	298
25	4	60	0	298
26	4	40	0	298
27	1	80	-200	298
28	3	45	0	298
29	4	55	0	298
30	2	90	0	298
31	1	120	0	298
32	3	60	-50	298
33	4	50	0	298
34	3	40	-50	298
35	3	55	0	298
36	2	120	0	298
37	1	110	-250	298
38	1	90	-350	298
39	3	55	-25	298
40	4	60	-250	298
41	2	110	-1250	298
42	3	65	-75	298
43	4	55	0	298
44	3	45	0	298
45	1	110	0	298
46	3	70	-25	298
47	4	40	0	298
48	2	80	0	298
49	1	130	-350	298
50	3	40	0	298
51	4	60	0	298
52	3	50	-25	298
53	4	40	0	298
54	3	60	-75	298
55	3	70	0	298
56	4	45	0	298
57	2	110	0	298
58	1	90	0	298
59	3	40	-50	298
60	3	60	0	298
61	4	55	0	298
62	3	65	-25	298
63	4	65	0	298
64	3	55	0	298
65	3	80	-50	298
66	4	70	0	298
67	1	100	-250	298
68	2	100	0	298
69	3	40	-25	298
70	3	60	-50	298
71	4	50	0	298
72	3	55	0	298
73	3	65	-25	298
74	3	40	-75	298
75	4	70	-275	298
76	3	80	-50	298
77	2	90	0	298
78	4	60	0	298
79	1	120	-200	298
80	3	65	-25	298
81	4	55	0	298
82	3	75	0	298
83	4	65	0	298
84	3	55	-25	298
85	4	80	0	298
86	3	60	-25	298
87	4	40	0	298
88	3	70	-25	298
89	4	80	0	298
90	3	65	0	298
91	4	40	0	298
92	3	55	-75	298
93	4	65	0	298
94	3	75	-25	298
95	4	55	-300	298
96	3	45	-50	298
97	2	130	-1500	298
98	3	85	-75	298
99	4	60	0	298
100	3	70	-25	298
1	2	100	0	311
2	1	100	0	311
3	3	50	0	311
4	1	120	0	311
5	2	80	0	311
6	4	50	0	311
7	3	60	0	311
8	1	80	-150	311
9	2	110	0	311
10	3	40	-50	311
11	1	90	0	311
12	4	40	0	311
13	2	120	0	311
14	2	90	0	311
15	4	45	0	311
16	1	110	-300	311
17	2	100	0	311
18	3	55	0	311
19	2	90	0	311
20	1	100	0	311
21	2	120	0	311
22	1	80	-200	311
23	4	45	0	311
24	2	110	-1250	311
25	2	80	0	311
26	1	120	0	311
27	3	55	-50	311
28	1	110	-250	311
29	4	55	0	311
30	2	110	0	311
31	1	90	-350	311
32	2	100	0	311
33	1	110	0	311
34	2	90	0	311
35	4	60	0	311
36	3	45	0	311
37	1	130	-350	311
38	2	130	-1500	311
39	3	50	-50	311
40	2	120	0	311
41	4	40	0	311
42	2	130	0	311
43	4	55	0	311
44	1	90	0	311
45	3	45	0	311
46	3	60	-50	311
47	4	50	0	311
48	3	40	-50	311
49	2	110	0	311
50	1	100	-250	311
51	2	90	0	311
52	3	55	0	311
53	1	120	-200	311
54	2	100	0	311
55	3	55	-25	311
56	2	120	0	311
57	1	110	0	311
58	2	120	-1750	311
59	2	110	0	311
60	2	140	0	311
61	4	60	-250	311
62	3	65	-75	311
63	1	90	-300	311
64	2	130	0	311
65	1	130	-150	311
66	3	45	0	311
67	2	100	0	311
68	1	120	-250	311
69	2	110	0	311
70	4	55	0	311
71	3	70	-25	311
72	2	120	0	311
73	2	120	0	311
74	3	40	0	311
75	1	100	0	311
76	2	140	0	311
77	4	40	0	311
78	2	110	0	311
79	3	50	-25	311
80	2	130	0	311
81	1	120	-250	311
82	2	140	-2000	311
83	2	120	0	311
84	3	60	-75	311
85	1	140	-300	311
86	2	110	0	311
87	4	60	0	311
88	2	130	0	311
89	3	70	0	311
90	1	110	0	311
91	2	150	0	311
92	4	40	0	311
93	3	40	-50	311
94	2	110	0	311
95	1	110	-350	311
96	4	45	0	311
97	2	150	0	311
98	2	120	0	311
99	2	140	0	311
100	2	140	0	311
1	1	100	0	320
2	3	50	0	320
3	2	100	0	320
4	2	80	0	320
5	2	110	0	320
6	4	50	0	320
7	4	40	0	320
8	2	120	0	320
9	2	90	0	320
10	1	120	0	320
11	4	45	0	320
12	2	100	0	320
13	3	60	0	320
14	1	80	-150	320
15	2	90	0	320
16	1	90	0	320
17	4	45	0	320
18	2	120	0	320
19	3	40	-50	320
20	2	110	-1250	320
21	4	55	0	320
22	2	80	0	320
23	3	55	0	320
24	2	110	0	320
25	1	110	-300	320
26	1	100	0	320
27	1	80	-200	320
28	4	60	0	320
29	2	100	0	320
30	1	120	0	320
31	2	90	0	320
32	1	110	-250	320
33	4	40	0	320
34	3	55	-50	320
35	2	130	-1500	320
36	1	90	-350	320
37	2	120	0	320
38	1	110	0	320
39	2	130	0	320
40	1	130	-350	320
41	1	90	0	320
42	3	45	0	320
43	3	50	-50	320
44	3	45	0	320
45	3	60	-50	320
46	3	40	-50	320
47	4	55	0	320
48	3	55	0	320
49	3	55	-25	320
50	2	110	0	320
51	1	100	-250	320
52	1	120	-200	320
53	1	110	0	320
54	1	90	-300	320
55	2	90	0	320
56	2	100	0	320
57	1	130	-150	320
58	1	120	-250	320
59	3	65	-75	320
60	3	45	0	320
61	3	70	-25	320
62	3	40	0	320
63	3	50	-25	320
64	4	50	0	320
65	2	120	0	320
66	1	100	0	320
67	2	120	-1750	320
68	3	60	-75	320
69	4	60	-250	320
70	3	70	0	320
71	2	110	0	320
72	2	140	0	320
73	1	120	-250	320
74	1	140	-300	320
75	1	110	0	320
76	4	55	0	320
77	3	40	-50	320
78	2	130	0	320
79	1	110	-350	320
80	1	100	0	320
81	3	60	0	320
82	1	120	-200	320
83	1	130	-250	320
84	4	40	0	320
85	4	60	0	320
86	1	110	-150	320
87	3	65	-25	320
88	2	100	0	320
89	4	40	0	320
90	2	110	0	320
91	4	45	0	320
92	2	120	0	320
93	4	55	0	320
94	2	120	0	320
95	4	65	0	320
96	2	140	0	320
97	4	70	0	320
98	2	110	0	320
99	4	50	0	320
100	2	130	0	320
1	2	100	0	337
2	1	100	0	337
3	3	50	0	337
4	4	50	0	337
5	4	40	0	337
6	3	60	0	337
7	3	40	-50	337
8	2	80	0	337
9	2	110	0	337
10	2	120	0	337
11	2	90	0	337
12	2	100	0	337
13	4	45	0	337
14	4	45	0	337
15	2	90	0	337
16	2	120	0	337
17	2	110	-1250	337
18	1	120	0	337
19	1	80	-150	337
20	4	55	0	337
21	1	90	0	337
22	4	60	0	337
23	2	80	0	337
24	2	110	0	337
25	4	40	0	337
26	1	110	-300	337
27	2	100	0	337
28	4	55	0	337
29	2	90	0	337
30	1	100	0	337
31	3	55	0	337
32	4	50	0	337
33	3	55	-50	337
34	4	60	-250	337
35	2	130	-1500	337
36	2	120	0	337
37	2	130	0	337
38	2	110	0	337
39	1	80	-200	337
40	4	55	0	337
41	4	40	0	337
42	4	60	0	337
43	4	40	0	337
44	4	45	0	337
45	4	55	0	337
46	4	65	0	337
47	4	70	0	337
48	4	50	0	337
49	4	70	-275	337
50	3	45	0	337
51	3	50	-50	337
52	2	90	0	337
53	2	100	0	337
54	1	120	0	337
55	1	110	-250	337
56	2	120	0	337
57	4	60	0	337
58	2	120	-1750	337
59	2	110	0	337
60	4	55	0	337
61	3	45	0	337
62	1	90	-350	337
63	2	140	0	337
64	2	130	0	337
65	4	65	0	337
66	4	80	0	337
67	4	40	0	337
68	2	100	0	337
69	4	80	0	337
70	2	110	0	337
71	4	40	0	337
72	3	60	-50	337
73	4	65	0	337
74	2	120	0	337
75	4	55	-300	337
76	4	60	0	337
77	2	120	0	337
78	1	110	0	337
79	3	40	-50	337
80	2	140	0	337
81	1	130	-350	337
82	2	110	0	337
83	4	65	0	337
84	4	75	0	337
85	4	60	0	337
86	4	65	0	337
87	2	130	0	337
88	4	75	-325	337
89	4	85	0	337
90	4	45	0	337
91	2	140	-2000	337
92	4	55	0	337
93	4	70	0	337
94	4	55	0	337
95	4	70	0	337
96	4	80	0	337
97	4	65	0	337
98	1	90	0	337
99	4	70	0	337
100	4	80	-350	337
1	3	50	0	344
2	3	60	0	344
3	2	100	0	344
4	3	40	-50	344
5	4	50	0	344
6	1	100	0	344
7	2	80	0	344
8	1	120	0	344
9	2	110	0	344
10	1	80	-150	344
11	2	120	0	344
12	3	55	0	344
13	1	90	0	344
14	2	90	0	344
15	1	110	-300	344
16	2	100	0	344
17	2	90	0	344
18	4	40	0	344
19	4	45	0	344
20	4	45	0	344
21	4	55	0	344
22	4	60	0	344
23	4	40	0	344
24	4	55	0	344
25	4	50	0	344
26	4	60	-250	344
27	4	55	0	344
28	2	120	0	344
29	2	110	-1250	344
30	1	100	0	344
31	1	80	-200	344
32	4	40	0	344
33	4	60	0	344
34	4	40	0	344
35	1	120	0	344
36	2	80	0	344
37	1	110	-250	344
38	1	90	-350	344
39	1	110	0	344
40	1	130	-350	344
41	1	90	0	344
42	1	100	-250	344
43	2	110	0	344
44	2	100	0	344
45	2	90	0	344
46	2	130	-1500	344
47	2	120	0	344
48	3	55	-50	344
49	4	45	0	344
50	3	45	0	344
51	2	130	0	344
52	1	120	-200	344
53	4	55	0	344
54	3	50	-50	344
55	2	110	0	344
56	1	110	0	344
57	1	90	-300	344
58	1	130	-150	344
59	1	120	-250	344
60	1	100	0	344
61	1	120	-250	344
62	1	140	-300	344
63	1	110	0	344
64	1	110	-350	344
65	1	100	0	344
66	1	120	-200	344
67	2	90	0	344
68	2	100	0	344
69	2	120	0	344
70	2	120	-1750	344
71	2	110	0	344
72	2	140	0	344
73	2	130	0	344
74	2	100	0	344
75	2	110	0	344
76	3	45	0	344
77	2	120	0	344
78	3	60	-50	344
79	2	120	0	344
80	3	40	-50	344
81	2	140	0	344
82	3	55	0	344
83	2	110	0	344
84	3	55	-25	344
85	2	130	0	344
86	3	65	-75	344
87	2	140	-2000	344
88	2	120	0	344
89	3	45	0	344
90	1	130	-250	344
91	2	110	0	344
92	4	65	0	344
93	2	130	0	344
94	4	70	0	344
95	2	150	0	344
96	4	50	0	344
97	2	110	0	344
98	4	70	-275	344
99	2	150	0	344
100	3	70	-25	344
