"trial"	"deck"	"gain"	"loss"	"subjID"
1	3	50	0	103
2	3	60	0	103
3	3	40	-50	103
4	4	50	0	103
5	3	55	0	103
6	1	100	0	103
7	1	120	0	103
8	2	100	0	103
9	4	40	0	103
10	1	80	-150	103
11	2	80	0	103
12	2	110	0	103
13	3	55	-50	103
14	1	90	0	103
15	2	120	0	103
16	3	45	0	103
17	2	90	0	103
18	1	110	-300	103
19	2	100	0	103
20	1	100	0	103
21	1	80	-200	103
22	1	120	0	103
23	1	110	-250	103
24	1	90	-350	103
25	2	90	0	103
26	1	110	0	103
27	1	130	-350	103
28	1	90	0	103
29	1	100	-250	103
30	4	45	0	103
31	3	50	-50	103
32	3	45	0	103
33	2	120	0	103
34	2	110	-1250	103
35	1	120	-200	103
36	2	80	0	103
37	2	110	0	103
38	4	45	0	103
39	2	100	0	103
40	3	60	-50	103
41	2	90	0	103
42	3	40	-50	103
43	2	130	-1500	103
44	1	110	0	103
45	1	90	-300	103
46	2	120	0	103
47	2	130	0	103
48	2	110	0	103
49	3	55	0	103
50	2	90	0	103
51	2	100	0	103
52	1	130	-150	103
53	1	120	-250	103
54	2	120	0	103
55	4	55	0	103
56	4	60	0	103
57	4	40	0	103
58	4	55	0	103
59	3	55	-25	103
60	4	50	0	103
61	4	60	-250	103
62	4	55	0	103
63	4	40	0	103
64	4	60	0	103
65	4	40	0	103
66	4	45	0	103
67	4	55	0	103
68	4	65	0	103
69	4	70	0	103
70	4	50	0	103
71	4	70	-275	103
72	4	60	0	103
73	4	55	0	103
74	2	120	-1750	103
75	4	65	0	103
76	4	80	0	103
77	4	40	0	103
78	4	80	0	103
79	1	100	0	103
80	2	110	0	103
81	1	120	-250	103
82	3	65	-75	103
83	4	40	0	103
84	4	65	0	103
85	4	55	-300	103
86	4	60	0	103
87	4	65	0	103
88	4	75	0	103
89	4	60	0	103
90	4	65	0	103
91	4	75	-325	103
92	4	85	0	103
93	4	45	0	103
94	4	55	0	103
95	4	70	0	103
96	4	55	0	103
97	4	70	0	103
98	4	80	0	103
99	4	65	0	103
100	4	70	0	103
1	1	100	0	104
2	2	100	0	104
3	3	50	0	104
4	4	50	0	104
5	2	80	0	104
6	3	60	0	104
7	1	120	0	104
8	1	80	-150	104
9	3	40	-50	104
10	2	110	0	104
11	2	120	0	104
12	1	90	0	104
13	4	40	0	104
14	2	90	0	104
15	1	110	-300	104
16	1	100	0	104
17	2	100	0	104
18	4	45	0	104
19	3	55	0	104
20	2	90	0	104
21	2	120	0	104
22	2	110	-1250	104
23	2	80	0	104
24	2	110	0	104
25	2	100	0	104
26	2	90	0	104
27	1	80	-200	104
28	1	120	0	104
29	1	110	-250	104
30	2	130	-1500	104
31	4	45	0	104
32	4	55	0	104
33	4	60	0	104
34	1	90	-350	104
35	2	120	0	104
36	3	55	-50	104
37	1	110	0	104
38	2	130	0	104
39	4	40	0	104
40	1	130	-350	104
41	4	55	0	104
42	4	50	0	104
43	4	60	-250	104
44	1	90	0	104
45	1	100	-250	104
46	1	120	-200	104
47	4	55	0	104
48	1	110	0	104
49	2	110	0	104
50	4	40	0	104
51	1	90	-300	104
52	2	90	0	104
53	3	45	0	104
54	4	60	0	104
55	2	100	0	104
56	3	50	-50	104
57	1	130	-150	104
58	1	120	-250	104
59	1	100	0	104
60	2	120	0	104
61	3	45	0	104
62	4	40	0	104
63	3	60	-50	104
64	2	120	-1750	104
65	1	120	-250	104
66	4	45	0	104
67	1	140	-300	104
68	1	110	0	104
69	4	55	0	104
70	3	40	-50	104
71	1	110	-350	104
72	1	100	0	104
73	4	65	0	104
74	3	55	0	104
75	2	110	0	104
76	1	120	-200	104
77	4	70	0	104
78	3	55	-25	104
79	1	130	-250	104
80	4	50	0	104
81	1	110	-150	104
82	2	140	0	104
83	4	70	-275	104
84	1	140	-250	104
85	4	60	0	104
86	3	65	-75	104
87	1	120	0	104
88	1	130	-350	104
89	2	130	0	104
90	2	100	0	104
91	2	110	0	104
92	4	55	0	104
93	4	65	0	104
94	2	120	0	104
95	4	80	0	104
96	2	120	0	104
97	4	40	0	104
98	2	140	0	104
99	4	80	0	104
100	2	110	0	104
1	2	100	0	114
2	1	100	0	114
3	2	80	0	114
4	4	50	0	114
5	4	40	0	114
6	2	110	0	114
7	2	120	0	114
8	1	120	0	114
9	4	45	0	114
10	1	80	-150	114
11	4	45	0	114
12	2	90	0	114
13	4	55	0	114
14	2	100	0	114
15	4	60	0	114
16	2	90	0	114
17	4	40	0	114
18	2	120	0	114
19	4	55	0	114
20	2	110	-1250	114
21	3	50	0	114
22	1	90	0	114
23	4	50	0	114
24	3	60	0	114
25	3	40	-50	114
26	1	110	-300	114
27	4	60	-250	114
28	3	55	0	114
29	3	55	-50	114
30	4	55	0	114
31	1	100	0	114
32	3	45	0	114
33	2	80	0	114
34	4	40	0	114
35	1	80	-200	114
36	3	50	-50	114
37	2	110	0	114
38	4	60	0	114
39	2	100	0	114
40	2	90	0	114
41	2	130	-1500	114
42	4	40	0	114
43	3	45	0	114
44	2	120	0	114
45	4	45	0	114
46	3	60	-50	114
47	2	130	0	114
48	4	55	0	114
49	2	110	0	114
50	3	40	-50	114
51	2	90	0	114
52	4	65	0	114
53	2	100	0	114
54	4	70	0	114
55	2	120	0	114
56	4	50	0	114
57	2	120	-1750	114
58	4	70	-275	114
59	3	55	0	114
60	1	120	0	114
61	1	110	-250	114
62	2	110	0	114
63	2	140	0	114
64	4	60	0	114
65	1	90	-350	114
66	2	130	0	114
67	3	55	-25	114
68	2	100	0	114
69	4	55	0	114
70	2	110	0	114
71	4	65	0	114
72	2	120	0	114
73	4	80	0	114
74	2	120	0	114
75	4	40	0	114
76	2	140	0	114
77	4	80	0	114
78	2	110	0	114
79	4	40	0	114
80	2	130	0	114
81	4	65	0	114
82	2	140	-2000	114
83	4	55	-300	114
84	4	60	0	114
85	2	120	0	114
86	4	65	0	114
87	2	110	0	114
88	3	65	-75	114
89	2	130	0	114
90	4	75	0	114
91	4	60	0	114
92	2	150	0	114
93	4	65	0	114
94	4	75	-325	114
95	2	110	0	114
96	2	150	0	114
97	4	85	0	114
98	2	120	0	114
99	4	45	0	114
100	4	55	0	114
1	1	100	0	115
2	3	50	0	115
3	3	60	0	115
4	4	50	0	115
5	3	40	-50	115
6	4	40	0	115
7	2	100	0	115
8	4	45	0	115
9	2	80	0	115
10	1	120	0	115
11	4	45	0	115
12	3	55	0	115
13	4	55	0	115
14	1	80	-150	115
15	2	110	0	115
16	1	90	0	115
17	4	60	0	115
18	4	40	0	115
19	4	55	0	115
20	1	110	-300	115
21	2	120	0	115
22	4	50	0	115
23	4	60	-250	115
24	3	55	-50	115
25	4	55	0	115
26	4	40	0	115
27	2	90	0	115
28	1	100	0	115
29	2	100	0	115
30	1	80	-200	115
31	4	60	0	115
32	1	120	0	115
33	3	45	0	115
34	4	40	0	115
35	1	110	-250	115
36	2	90	0	115
37	2	120	0	115
38	4	45	0	115
39	3	50	-50	115
40	1	90	-350	115
41	3	45	0	115
42	2	110	-1250	115
43	4	55	0	115
44	4	65	0	115
45	1	110	0	115
46	3	60	-50	115
47	4	70	0	115
48	1	130	-350	115
49	2	80	0	115
50	4	50	0	115
51	1	90	0	115
52	3	40	-50	115
53	1	100	-250	115
54	4	70	-275	115
55	4	60	0	115
56	1	120	-200	115
57	3	55	0	115
58	3	55	-25	115
59	3	65	-75	115
60	3	45	0	115
61	3	70	-25	115
62	3	40	0	115
63	3	50	-25	115
64	1	110	0	115
65	3	60	-75	115
66	3	70	0	115
67	3	40	-50	115
68	1	90	-300	115
69	3	60	0	115
70	3	65	-25	115
71	3	55	0	115
72	3	80	-50	115
73	1	130	-150	115
74	4	55	0	115
75	3	40	-25	115
76	1	120	-250	115
77	2	110	0	115
78	1	100	0	115
79	2	100	0	115
80	3	60	-50	115
81	3	55	0	115
82	2	90	0	115
83	3	65	-25	115
84	1	120	-250	115
85	4	65	0	115
86	3	40	-75	115
87	4	80	0	115
88	4	40	0	115
89	4	80	0	115
90	4	40	0	115
91	1	140	-300	115
92	4	65	0	115
93	4	55	-300	115
94	4	60	0	115
95	3	80	-50	115
96	1	110	0	115
97	3	65	-25	115
98	4	65	0	115
99	4	75	0	115
100	3	75	0	115
1	3	50	0	116
2	2	100	0	116
3	1	100	0	116
4	4	50	0	116
5	4	40	0	116
6	3	60	0	116
7	2	80	0	116
8	1	120	0	116
9	1	80	-150	116
10	2	110	0	116
11	3	40	-50	116
12	2	120	0	116
13	2	90	0	116
14	2	100	0	116
15	2	90	0	116
16	2	120	0	116
17	2	110	-1250	116
18	4	45	0	116
19	4	45	0	116
20	4	55	0	116
21	4	60	0	116
22	4	40	0	116
23	4	55	0	116
24	4	50	0	116
25	4	60	-250	116
26	2	80	0	116
27	2	110	0	116
28	1	90	0	116
29	4	55	0	116
30	1	110	-300	116
31	2	100	0	116
32	2	90	0	116
33	2	130	-1500	116
34	3	55	0	116
35	3	55	-50	116
36	4	40	0	116
37	4	60	0	116
38	4	40	0	116
39	1	100	0	116
40	2	120	0	116
41	2	130	0	116
42	3	45	0	116
43	3	50	-50	116
44	3	45	0	116
45	2	110	0	116
46	2	90	0	116
47	4	45	0	116
48	1	80	-200	116
49	2	100	0	116
50	2	120	0	116
51	2	120	-1750	116
52	2	110	0	116
53	3	60	-50	116
54	4	55	0	116
55	3	40	-50	116
56	4	65	0	116
57	4	70	0	116
58	3	55	0	116
59	3	55	-25	116
60	2	140	0	116
61	1	120	0	116
62	4	50	0	116
63	4	70	-275	116
64	3	65	-75	116
65	1	110	-250	116
66	2	130	0	116
67	2	100	0	116
68	1	90	-350	116
69	4	60	0	116
70	1	110	0	116
71	3	45	0	116
72	3	70	-25	116
73	1	130	-350	116
74	3	40	0	116
75	1	90	0	116
76	1	100	-250	116
77	1	120	-200	116
78	1	110	0	116
79	2	110	0	116
80	3	50	-25	116
81	3	60	-75	116
82	1	90	-300	116
83	3	70	0	116
84	1	130	-150	116
85	2	120	0	116
86	2	120	0	116
87	3	40	-50	116
88	4	55	0	116
89	3	60	0	116
90	3	65	-25	116
91	3	55	0	116
92	3	80	-50	116
93	1	120	-250	116
94	1	100	0	116
95	2	140	0	116
96	3	40	-25	116
97	3	60	-50	116
98	4	65	0	116
99	2	110	0	116
100	2	130	0	116
1	2	100	0	117
2	2	80	0	117
3	2	110	0	117
4	2	120	0	117
5	2	90	0	117
6	2	100	0	117
7	2	90	0	117
8	2	120	0	117
9	2	110	-1250	117
10	3	50	0	117
11	2	80	0	117
12	4	50	0	117
13	1	100	0	117
14	1	120	0	117
15	1	80	-150	117
16	1	90	0	117
17	1	110	-300	117
18	2	110	0	117
19	3	60	0	117
20	3	40	-50	117
21	4	40	0	117
22	3	55	0	117
23	4	45	0	117
24	4	45	0	117
25	4	55	0	117
26	3	55	-50	117
27	4	60	0	117
28	3	45	0	117
29	3	50	-50	117
30	4	40	0	117
31	2	100	0	117
32	3	45	0	117
33	2	90	0	117
34	3	60	-50	117
35	1	100	0	117
36	2	130	-1500	117
37	1	80	-200	117
38	2	120	0	117
39	3	40	-50	117
40	2	130	0	117
41	4	55	0	117
42	3	55	0	117
43	4	50	0	117
44	4	60	-250	117
45	3	55	-25	117
46	4	55	0	117
47	3	65	-75	117
48	4	40	0	117
49	2	110	0	117
50	3	45	0	117
51	2	90	0	117
52	4	60	0	117
53	3	70	-25	117
54	4	40	0	117
55	2	100	0	117
56	3	40	0	117
57	4	45	0	117
58	3	50	-25	117
59	4	55	0	117
60	1	120	0	117
61	3	60	-75	117
62	2	120	0	117
63	1	110	-250	117
64	2	120	-1750	117
65	2	110	0	117
66	1	90	-350	117
67	2	140	0	117
68	2	130	0	117
69	2	100	0	117
70	2	110	0	117
71	3	70	0	117
72	4	65	0	117
73	3	40	-50	117
74	4	70	0	117
75	4	50	0	117
76	3	60	0	117
77	4	70	-275	117
78	3	65	-25	117
79	4	60	0	117
80	3	55	0	117
81	4	55	0	117
82	3	80	-50	117
83	4	65	0	117
84	3	40	-25	117
85	2	120	0	117
86	2	120	0	117
87	2	140	0	117
88	3	60	-50	117
89	3	55	0	117
90	4	80	0	117
91	4	40	0	117
92	3	65	-25	117
93	3	40	-75	117
94	3	80	-50	117
95	3	65	-25	117
96	3	75	0	117
97	3	55	-25	117
98	3	60	-25	117
99	3	70	-25	117
100	3	65	0	117
1	1	100	0	118
2	2	100	0	118
3	3	50	0	118
4	4	50	0	118
5	2	80	0	118
6	1	120	0	118
7	1	80	-150	118
8	2	110	0	118
9	2	120	0	118
10	2	90	0	118
11	2	100	0	118
12	2	90	0	118
13	2	120	0	118
14	2	110	-1250	118
15	3	60	0	118
16	4	40	0	118
17	3	40	-50	118
18	2	80	0	118
19	2	110	0	118
20	2	100	0	118
21	2	90	0	118
22	2	130	-1500	118
23	1	90	0	118
24	1	110	-300	118
25	3	55	0	118
26	3	55	-50	118
27	3	45	0	118
28	3	50	-50	118
29	3	45	0	118
30	4	45	0	118
31	4	45	0	118
32	4	55	0	118
33	4	60	0	118
34	4	40	0	118
35	4	55	0	118
36	4	50	0	118
37	4	60	-250	118
38	4	55	0	118
39	1	100	0	118
40	2	120	0	118
41	4	40	0	118
42	3	60	-50	118
43	4	60	0	118
44	4	40	0	118
45	1	80	-200	118
46	2	130	0	118
47	3	40	-50	118
48	4	45	0	118
49	4	55	0	118
50	4	65	0	118
51	2	110	0	118
52	4	70	0	118
53	4	50	0	118
54	4	70	-275	118
55	4	60	0	118
56	4	55	0	118
57	3	55	0	118
58	4	65	0	118
59	3	55	-25	118
60	3	65	-75	118
61	4	80	0	118
62	4	40	0	118
63	4	80	0	118
64	4	40	0	118
65	4	65	0	118
66	4	55	-300	118
67	4	60	0	118
68	4	65	0	118
69	4	75	0	118
70	4	60	0	118
71	4	65	0	118
72	4	75	-325	118
73	4	85	0	118
74	4	45	0	118
75	4	55	0	118
76	4	70	0	118
77	4	55	0	118
78	4	70	0	118
79	4	80	0	118
80	4	65	0	118
81	4	70	0	118
82	4	80	-350	118
83	4	90	0	118
84	4	50	0	118
85	4	60	0	118
86	4	75	0	118
87	4	60	0	118
88	4	75	0	118
89	4	85	0	118
90	4	70	0	118
91	4	75	0	118
92	4	85	0	118
93	4	95	0	118
94	4	55	0	118
95	4	65	-375	118
96	4	80	0	118
97	4	65	0	118
1	4	50	0	121
2	3	50	0	121
3	1	100	0	121
4	2	100	0	121
5	1	120	0	121
6	4	40	0	121
7	3	60	0	121
8	4	45	0	121
9	1	80	-150	121
10	2	80	0	121
11	1	90	0	121
12	3	40	-50	121
13	4	45	0	121
14	1	110	-300	121
15	1	100	0	121
16	2	110	0	121
17	4	55	0	121
18	1	80	-200	121
19	3	55	0	121
20	4	60	0	121
21	1	120	0	121
22	1	110	-250	121
23	3	55	-50	121
24	4	40	0	121
25	1	90	-350	121
26	1	110	0	121
27	1	130	-350	121
28	3	45	0	121
29	1	90	0	121
30	4	55	0	121
31	2	120	0	121
32	3	50	-50	121
33	1	100	-250	121
34	4	50	0	121
35	2	90	0	121
36	3	45	0	121
37	4	60	-250	121
38	1	120	-200	121
39	3	60	-50	121
40	4	55	0	121
41	2	100	0	121
42	1	110	0	121
43	2	90	0	121
44	3	40	-50	121
45	4	40	0	121
46	2	120	0	121
47	3	55	0	121
48	1	90	-300	121
49	4	60	0	121
50	4	40	0	121
51	1	130	-150	121
52	1	120	-250	121
53	1	100	0	121
54	1	120	-250	121
55	1	140	-300	121
56	1	110	0	121
57	1	110	-350	121
58	1	100	0	121
59	1	120	-200	121
60	2	110	-1250	121
61	3	55	-25	121
62	4	45	0	121
63	1	130	-250	121
64	1	110	-150	121
65	3	65	-75	121
66	4	55	0	121
67	1	140	-250	121
68	3	45	0	121
69	2	80	0	121
70	4	65	0	121
71	1	120	0	121
72	1	130	-350	121
73	3	70	-25	121
74	2	110	0	121
75	4	70	0	121
76	1	120	-200	121
77	3	40	0	121
78	4	50	0	121
79	1	140	-250	121
80	1	130	-250	121
81	1	110	-150	121
82	2	100	0	121
83	3	50	-25	121
84	4	70	-275	121
85	3	60	-75	121
86	1	150	0	121
87	2	90	0	121
88	4	60	0	121
89	3	70	0	121
90	4	55	0	121
91	1	140	-150	121
92	2	130	-1500	121
93	1	120	-300	121
94	3	40	-50	121
95	4	65	0	121
96	1	150	-350	121
97	2	120	0	121
98	3	60	0	121
99	4	80	0	121
100	1	110	0	121
1	2	100	0	122
2	4	50	0	122
3	3	50	0	122
4	2	80	0	122
5	3	60	0	122
6	4	40	0	122
7	2	110	0	122
8	2	120	0	122
9	1	100	0	122
10	3	40	-50	122
11	4	45	0	122
12	2	90	0	122
13	2	100	0	122
14	4	45	0	122
15	1	120	0	122
16	1	80	-150	122
17	2	90	0	122
18	4	55	0	122
19	3	55	0	122
20	2	120	0	122
21	2	110	-1250	122
22	3	55	-50	122
23	4	60	0	122
24	1	90	0	122
25	1	110	-300	122
26	2	80	0	122
27	3	45	0	122
28	2	110	0	122
29	3	50	-50	122
30	4	40	0	122
31	2	100	0	122
32	1	100	0	122
33	1	80	-200	122
34	3	45	0	122
35	4	55	0	122
36	3	60	-50	122
37	4	50	0	122
38	4	60	-250	122
39	3	40	-50	122
40	2	90	0	122
41	2	130	-1500	122
42	4	55	0	122
43	1	120	0	122
44	3	55	0	122
45	4	40	0	122
46	1	110	-250	122
47	2	120	0	122
48	3	55	-25	122
49	4	60	0	122
50	3	65	-75	122
51	2	130	0	122
52	1	90	-350	122
53	2	110	0	122
54	4	40	0	122
55	3	45	0	122
56	3	70	-25	122
57	3	40	0	122
58	4	45	0	122
59	2	90	0	122
60	2	100	0	122
61	2	120	0	122
62	3	50	-25	122
63	4	55	0	122
64	4	65	0	122
65	4	70	0	122
66	1	110	0	122
67	3	60	-75	122
68	1	130	-350	122
69	2	120	-1750	122
70	4	50	0	122
71	3	70	0	122
72	4	70	-275	122
73	2	110	0	122
74	2	140	0	122
75	2	130	0	122
76	3	40	-50	122
77	4	60	0	122
78	4	55	0	122
79	1	90	0	122
80	1	100	-250	122
81	2	100	0	122
82	2	110	0	122
83	4	65	0	122
84	3	60	0	122
85	1	120	-200	122
86	4	80	0	122
87	4	40	0	122
88	2	120	0	122
89	3	65	-25	122
90	1	110	0	122
91	4	80	0	122
92	3	55	0	122
93	4	40	0	122
94	3	80	-50	122
95	1	90	-300	122
96	4	65	0	122
97	3	40	-25	122
98	4	55	-300	122
99	2	120	0	122
100	3	60	-50	122
1	2	100	0	123
2	2	80	0	123
3	3	50	0	123
4	2	110	0	123
5	1	100	0	123
6	4	50	0	123
7	4	40	0	123
8	2	120	0	123
9	3	60	0	123
10	1	120	0	123
11	2	90	0	123
12	1	80	-150	123
13	1	90	0	123
14	1	110	-300	123
15	2	100	0	123
16	2	90	0	123
17	3	40	-50	123
18	4	45	0	123
19	2	120	0	123
20	2	110	-1250	123
21	1	100	0	123
22	1	80	-200	123
23	2	80	0	123
24	3	55	0	123
25	3	55	-50	123
26	4	45	0	123
27	4	55	0	123
28	2	110	0	123
29	2	100	0	123
30	2	90	0	123
31	2	130	-1500	123
32	1	120	0	123
33	1	110	-250	123
34	3	45	0	123
35	3	50	-50	123
36	2	120	0	123
37	2	130	0	123
38	2	110	0	123
39	2	90	0	123
40	4	60	0	123
41	4	40	0	123
42	2	100	0	123
43	4	55	0	123
44	4	50	0	123
45	2	120	0	123
46	1	90	-350	123
47	2	120	-1750	123
48	3	45	0	123
49	3	60	-50	123
50	3	40	-50	123
51	2	110	0	123
52	2	140	0	123
53	2	130	0	123
54	4	60	-250	123
55	2	100	0	123
56	1	110	0	123
57	2	110	0	123
58	3	55	0	123
59	4	55	0	123
60	2	120	0	123
61	1	130	-350	123
62	2	120	0	123
63	3	55	-25	123
64	2	140	0	123
65	4	40	0	123
66	4	60	0	123
67	4	40	0	123
68	4	45	0	123
69	4	55	0	123
70	2	110	0	123
71	2	130	0	123
72	3	65	-75	123
73	3	45	0	123
74	3	70	-25	123
75	3	40	0	123
76	4	65	0	123
77	2	140	-2000	123
78	4	70	0	123
79	4	50	0	123
80	4	70	-275	123
81	4	60	0	123
82	1	90	0	123
83	2	120	0	123
84	3	50	-25	123
85	4	55	0	123
86	4	65	0	123
87	2	110	0	123
88	2	130	0	123
89	4	80	0	123
90	2	150	0	123
91	4	40	0	123
92	2	110	0	123
93	1	100	-250	123
94	3	60	-75	123
95	4	80	0	123
96	4	40	0	123
97	4	65	0	123
98	2	150	0	123
99	2	120	0	123
100	3	70	0	123
1	2	100	0	124
2	3	50	0	124
3	3	60	0	124
4	3	40	-50	124
5	2	80	0	124
6	4	50	0	124
7	1	100	0	124
8	4	40	0	124
9	2	110	0	124
10	2	120	0	124
11	1	120	0	124
12	4	45	0	124
13	3	55	0	124
14	1	80	-150	124
15	3	55	-50	124
16	4	45	0	124
17	4	55	0	124
18	1	90	0	124
19	4	60	0	124
20	4	40	0	124
21	4	55	0	124
22	1	110	-300	124
23	4	50	0	124
24	4	60	-250	124
25	2	90	0	124
26	3	45	0	124
27	1	100	0	124
28	4	55	0	124
29	4	40	0	124
30	3	50	-50	124
31	1	80	-200	124
32	4	60	0	124
33	3	45	0	124
34	4	40	0	124
35	2	100	0	124
36	2	90	0	124
37	1	120	0	124
38	4	45	0	124
39	3	60	-50	124
40	1	110	-250	124
41	4	55	0	124
42	4	65	0	124
43	4	70	0	124
44	3	40	-50	124
45	1	90	-350	124
46	4	50	0	124
47	4	70	-275	124
48	4	60	0	124
49	2	120	0	124
50	2	110	-1250	124
51	4	55	0	124
52	3	55	0	124
53	1	110	0	124
54	4	65	0	124
55	2	80	0	124
56	3	55	-25	124
57	1	130	-350	124
58	4	80	0	124
59	3	65	-75	124
60	2	110	0	124
61	1	90	0	124
62	4	40	0	124
63	3	45	0	124
64	2	100	0	124
65	4	80	0	124
66	1	100	-250	124
67	4	40	0	124
68	3	70	-25	124
69	2	90	0	124
70	4	65	0	124
71	1	120	-200	124
72	3	40	0	124
73	4	55	-300	124
74	2	130	-1500	124
75	4	60	0	124
76	3	50	-25	124
77	1	110	0	124
78	2	120	0	124
79	3	60	-75	124
80	4	65	0	124
81	1	90	-300	124
82	3	70	0	124
83	2	130	0	124
84	4	75	0	124
85	1	130	-150	124
86	2	110	0	124
87	4	60	0	124
88	3	40	-50	124
89	2	90	0	124
90	4	65	0	124
91	3	60	0	124
92	1	120	-250	124
93	4	75	-325	124
94	3	65	-25	124
95	4	85	0	124
96	4	45	0	124
97	1	100	0	124
98	4	55	0	124
99	2	100	0	124
100	3	55	0	124
1	1	100	0	126
2	1	120	0	126
3	4	50	0	126
4	3	50	0	126
5	3	60	0	126
6	1	80	-150	126
7	1	90	0	126
8	1	110	-300	126
9	1	100	0	126
10	1	80	-200	126
11	1	120	0	126
12	4	40	0	126
13	3	40	-50	126
14	2	100	0	126
15	1	110	-250	126
16	1	90	-350	126
17	1	110	0	126
18	1	130	-350	126
19	1	90	0	126
20	2	80	0	126
21	3	55	0	126
22	4	45	0	126
23	1	100	-250	126
24	1	120	-200	126
25	1	110	0	126
26	1	90	-300	126
27	1	130	-150	126
28	1	120	-250	126
29	1	100	0	126
30	1	120	-250	126
31	1	140	-300	126
32	1	110	0	126
33	4	45	0	126
34	3	55	-50	126
35	2	110	0	126
36	4	55	0	126
37	2	120	0	126
38	4	60	0	126
39	2	90	0	126
40	4	40	0	126
41	2	100	0	126
42	4	55	0	126
43	2	90	0	126
44	4	50	0	126
45	2	120	0	126
46	4	60	-250	126
47	2	110	-1250	126
48	3	45	0	126
49	1	110	-350	126
50	2	80	0	126
51	3	50	-50	126
52	3	45	0	126
53	4	55	0	126
54	1	100	0	126
55	3	60	-50	126
56	4	40	0	126
57	1	120	-200	126
58	1	130	-250	126
59	1	110	-150	126
60	3	40	-50	126
61	4	60	0	126
62	2	110	0	126
63	2	100	0	126
64	3	55	0	126
65	1	140	-250	126
66	3	55	-25	126
67	2	90	0	126
68	4	40	0	126
69	4	45	0	126
70	4	55	0	126
71	4	65	0	126
72	4	70	0	126
73	4	50	0	126
74	4	70	-275	126
75	4	60	0	126
76	1	120	0	126
77	4	55	0	126
78	2	130	-1500	126
79	2	120	0	126
80	4	65	0	126
81	1	130	-350	126
82	4	80	0	126
83	4	40	0	126
84	4	80	0	126
85	3	65	-75	126
86	2	130	0	126
87	4	40	0	126
88	4	65	0	126
89	4	55	-300	126
90	3	45	0	126
91	3	70	-25	126
92	3	40	0	126
93	4	60	0	126
94	2	110	0	126
95	3	50	-25	126
96	3	60	-75	126
97	4	65	0	126
98	4	75	0	126
99	4	60	0	126
100	4	65	0	126
1	3	50	0	127
2	1	100	0	127
3	4	50	0	127
4	2	100	0	127
5	3	60	0	127
6	3	40	-50	127
7	3	55	0	127
8	1	120	0	127
9	1	80	-150	127
10	1	90	0	127
11	1	110	-300	127
12	2	80	0	127
13	2	110	0	127
14	2	120	0	127
15	2	90	0	127
16	2	100	0	127
17	2	90	0	127
18	2	120	0	127
19	2	110	-1250	127
20	4	40	0	127
21	4	45	0	127
22	4	45	0	127
23	4	55	0	127
24	3	55	-50	127
25	4	60	0	127
26	4	40	0	127
27	4	55	0	127
28	4	50	0	127
29	4	60	-250	127
30	4	55	0	127
31	4	40	0	127
32	4	60	0	127
33	4	40	0	127
34	4	45	0	127
35	4	55	0	127
36	4	65	0	127
37	4	70	0	127
38	4	50	0	127
39	4	70	-275	127
40	3	45	0	127
41	2	80	0	127
42	1	100	0	127
43	2	110	0	127
44	3	50	-50	127
45	4	60	0	127
46	1	80	-200	127
47	2	100	0	127
48	2	90	0	127
49	2	130	-1500	127
50	3	45	0	127
51	3	60	-50	127
52	3	40	-50	127
53	1	120	0	127
54	1	110	-250	127
55	1	90	-350	127
56	2	120	0	127
57	4	55	0	127
58	2	130	0	127
59	2	110	0	127
60	4	65	0	127
61	2	90	0	127
62	4	80	0	127
63	2	100	0	127
64	4	40	0	127
65	2	120	0	127
66	4	80	0	127
67	2	120	-1750	127
68	2	110	0	127
69	2	140	0	127
70	2	130	0	127
71	2	100	0	127
72	1	110	0	127
73	1	130	-350	127
74	2	110	0	127
75	2	120	0	127
76	2	120	0	127
77	2	140	0	127
78	2	110	0	127
79	2	130	0	127
80	2	140	-2000	127
81	4	40	0	127
82	4	65	0	127
83	4	55	-300	127
84	4	60	0	127
85	3	55	0	127
86	2	120	0	127
87	1	90	0	127
88	2	110	0	127
89	3	55	-25	127
90	4	65	0	127
91	1	100	-250	127
92	2	130	0	127
93	3	65	-75	127
94	2	150	0	127
95	1	120	-200	127
96	2	110	0	127
97	3	45	0	127
98	4	75	0	127
99	1	110	0	127
100	2	150	0	127
1	1	100	0	128
2	2	100	0	128
3	3	50	0	128
4	3	60	0	128
5	3	40	-50	128
6	4	50	0	128
7	4	40	0	128
8	4	45	0	128
9	4	45	0	128
10	4	55	0	128
11	4	60	0	128
12	4	40	0	128
13	4	55	0	128
14	4	50	0	128
15	4	60	-250	128
16	3	55	0	128
17	3	55	-50	128
18	4	55	0	128
19	3	45	0	128
20	4	40	0	128
21	3	50	-50	128
22	4	60	0	128
23	3	45	0	128
24	3	60	-50	128
25	4	40	0	128
26	4	45	0	128
27	3	40	-50	128
28	4	55	0	128
29	3	55	0	128
30	3	55	-25	128
31	4	65	0	128
32	3	65	-75	128
33	4	70	0	128
34	4	50	0	128
35	4	70	-275	128
36	3	45	0	128
37	3	70	-25	128
38	3	40	0	128
39	4	60	0	128
40	3	50	-25	128
41	4	55	0	128
42	4	65	0	128
43	3	60	-75	128
44	4	80	0	128
45	4	40	0	128
46	3	70	0	128
47	3	40	-50	128
48	4	80	0	128
49	4	40	0	128
50	4	65	0	128
51	4	55	-300	128
52	3	60	0	128
53	4	60	0	128
54	4	65	0	128
55	4	75	0	128
56	4	60	0	128
57	3	65	-25	128
58	4	65	0	128
59	4	75	-325	128
60	3	55	0	128
61	3	80	-50	128
62	3	40	-25	128
63	4	85	0	128
64	4	45	0	128
65	4	55	0	128
66	2	80	0	128
67	1	120	0	128
68	1	80	-150	128
69	2	110	0	128
70	2	120	0	128
71	2	90	0	128
72	2	100	0	128
73	2	90	0	128
74	3	60	-50	128
75	2	120	0	128
76	2	110	-1250	128
77	4	70	0	128
78	4	55	0	128
79	4	70	0	128
80	3	55	0	128
81	3	65	-25	128
82	2	80	0	128
83	2	110	0	128
84	2	100	0	128
85	2	90	0	128
86	1	90	0	128
87	1	110	-300	128
88	2	130	-1500	128
89	4	80	0	128
90	4	65	0	128
91	4	70	0	128
92	3	40	-75	128
93	2	120	0	128
94	2	130	0	128
95	1	100	0	128
96	1	80	-200	128
97	3	80	-50	128
98	4	80	-350	128
99	3	65	-25	128
100	2	110	0	128
1	2	100	0	129
2	3	50	0	129
3	1	100	0	129
4	3	60	0	129
5	2	80	0	129
6	4	50	0	129
7	2	110	0	129
8	3	40	-50	129
9	4	40	0	129
10	1	120	0	129
11	2	120	0	129
12	2	90	0	129
13	3	55	0	129
14	4	45	0	129
15	1	80	-150	129
16	2	100	0	129
17	2	90	0	129
18	3	55	-50	129
19	4	45	0	129
20	1	90	0	129
21	2	120	0	129
22	2	110	-1250	129
23	3	45	0	129
24	3	50	-50	129
25	1	110	-300	129
26	2	80	0	129
27	4	55	0	129
28	1	100	0	129
29	2	110	0	129
30	2	100	0	129
31	1	80	-200	129
32	4	60	0	129
33	2	90	0	129
34	1	120	0	129
35	4	40	0	129
36	1	110	-250	129
37	2	130	-1500	129
38	1	90	-350	129
39	3	45	0	129
40	2	120	0	129
41	3	60	-50	129
42	1	110	0	129
43	2	130	0	129
44	1	130	-350	129
45	4	55	0	129
46	4	50	0	129
47	2	110	0	129
48	3	40	-50	129
49	1	90	0	129
50	2	90	0	129
51	3	55	0	129
52	4	60	-250	129
53	4	55	0	129
54	3	55	-25	129
55	2	100	0	129
56	1	100	-250	129
57	4	40	0	129
58	3	65	-75	129
59	4	60	0	129
60	1	120	-200	129
61	1	110	0	129
62	1	90	-300	129
63	2	120	0	129
64	2	120	-1750	129
65	3	45	0	129
66	1	130	-150	129
67	4	40	0	129
68	3	70	-25	129
69	4	45	0	129
70	2	110	0	129
71	2	140	0	129
72	2	130	0	129
73	1	120	-250	129
74	3	40	0	129
75	3	50	-25	129
76	4	55	0	129
77	1	100	0	129
78	1	120	-250	129
79	1	140	-300	129
80	2	100	0	129
81	2	110	0	129
82	4	65	0	129
83	1	110	0	129
84	1	110	-350	129
85	1	100	0	129
86	3	60	-75	129
87	4	70	0	129
88	4	50	0	129
89	3	70	0	129
90	1	120	-200	129
91	3	40	-50	129
92	4	70	-275	129
93	2	120	0	129
94	2	120	0	129
95	2	140	0	129
96	1	130	-250	129
97	4	60	0	129
98	2	110	0	129
99	2	130	0	129
100	2	140	-2000	129
1	3	50	0	131
2	2	100	0	131
3	2	80	0	131
4	3	60	0	131
5	4	50	0	131
6	3	40	-50	131
7	3	55	0	131
8	1	100	0	131
9	1	120	0	131
10	3	55	-50	131
11	3	45	0	131
12	3	50	-50	131
13	1	80	-150	131
14	1	90	0	131
15	2	110	0	131
16	3	45	0	131
17	4	40	0	131
18	3	60	-50	131
19	4	45	0	131
20	3	40	-50	131
21	1	110	-300	131
22	2	120	0	131
23	1	100	0	131
24	4	45	0	131
25	3	55	0	131
26	3	55	-25	131
27	4	55	0	131
28	1	80	-200	131
29	2	90	0	131
30	1	120	0	131
31	2	100	0	131
32	1	110	-250	131
33	4	60	0	131
34	3	65	-75	131
35	2	90	0	131
36	2	120	0	131
37	1	90	-350	131
38	2	110	-1250	131
39	2	80	0	131
40	3	45	0	131
41	1	110	0	131
42	3	70	-25	131
43	2	110	0	131
44	3	40	0	131
45	2	100	0	131
46	2	90	0	131
47	2	130	-1500	131
48	1	130	-350	131
49	1	90	0	131
50	2	120	0	131
51	4	40	0	131
52	3	50	-25	131
53	4	55	0	131
54	1	100	-250	131
55	2	130	0	131
56	4	50	0	131
57	3	60	-75	131
58	2	110	0	131
59	1	120	-200	131
60	1	110	0	131
61	2	90	0	131
62	1	90	-300	131
63	2	100	0	131
64	3	70	0	131
65	4	60	-250	131
66	3	40	-50	131
67	4	55	0	131
68	3	60	0	131
69	3	65	-25	131
70	4	40	0	131
71	3	55	0	131
72	2	120	0	131
73	1	130	-150	131
74	2	120	-1750	131
75	2	110	0	131
76	3	80	-50	131
77	3	40	-25	131
78	2	140	0	131
79	1	120	-250	131
80	1	100	0	131
81	1	120	-250	131
82	2	130	0	131
83	3	60	-50	131
84	2	100	0	131
85	2	110	0	131
86	1	140	-300	131
87	2	120	0	131
88	3	55	0	131
89	4	60	0	131
90	3	65	-25	131
91	4	40	0	131
92	3	40	-75	131
93	2	120	0	131
94	2	140	0	131
95	3	80	-50	131
96	4	45	0	131
97	3	65	-25	131
98	4	55	0	131
99	3	75	0	131
100	2	110	0	131
1	2	100	0	132
2	4	50	0	132
3	3	50	0	132
4	2	80	0	132
5	4	40	0	132
6	3	60	0	132
7	1	100	0	132
8	3	40	-50	132
9	2	110	0	132
10	4	45	0	132
11	1	120	0	132
12	2	120	0	132
13	1	80	-150	132
14	4	45	0	132
15	3	55	0	132
16	1	90	0	132
17	2	90	0	132
18	4	55	0	132
19	1	110	-300	132
20	2	100	0	132
21	3	55	-50	132
22	2	90	0	132
23	2	120	0	132
24	2	110	-1250	132
25	4	60	0	132
26	1	100	0	132
27	1	80	-200	132
28	2	80	0	132
29	4	40	0	132
30	3	45	0	132
31	1	120	0	132
32	2	110	0	132
33	1	110	-250	132
34	4	55	0	132
35	4	50	0	132
36	3	50	-50	132
37	2	100	0	132
38	1	90	-350	132
39	2	90	0	132
40	4	60	-250	132
41	3	45	0	132
42	3	60	-50	132
43	2	130	-1500	132
44	4	55	0	132
45	1	110	0	132
46	4	40	0	132
47	1	130	-350	132
48	2	120	0	132
49	1	90	0	132
50	2	130	0	132
51	1	100	-250	132
52	4	60	0	132
53	3	40	-50	132
54	2	110	0	132
55	1	120	-200	132
56	2	90	0	132
57	4	40	0	132
58	4	45	0	132
59	2	100	0	132
60	2	120	0	132
61	1	110	0	132
62	2	120	-1750	132
63	1	90	-300	132
64	2	110	0	132
65	4	55	0	132
66	4	65	0	132
67	2	140	0	132
68	1	130	-150	132
69	2	130	0	132
70	4	70	0	132
71	1	120	-250	132
72	3	55	0	132
73	3	55	-25	132
74	2	100	0	132
75	2	110	0	132
76	4	50	0	132
77	1	100	0	132
78	2	120	0	132
79	1	120	-250	132
80	2	120	0	132
81	4	70	-275	132
82	3	65	-75	132
83	2	140	0	132
84	1	140	-300	132
85	2	110	0	132
86	2	130	0	132
87	3	45	0	132
88	4	60	0	132
89	2	140	-2000	132
90	1	110	0	132
91	4	55	0	132
92	2	120	0	132
93	1	110	-350	132
94	2	110	0	132
95	4	65	0	132
96	4	80	0	132
97	1	100	0	132
98	2	130	0	132
99	2	150	0	132
100	4	40	0	132
1	3	50	0	153
2	1	100	0	153
3	2	100	0	153
4	3	60	0	153
5	4	50	0	153
6	1	120	0	153
7	1	80	-150	153
8	2	80	0	153
9	2	110	0	153
10	4	40	0	153
11	1	90	0	153
12	1	110	-300	153
13	1	100	0	153
14	2	120	0	153
15	3	40	-50	153
16	1	80	-200	153
17	1	120	0	153
18	1	110	-250	153
19	2	90	0	153
20	4	45	0	153
21	4	45	0	153
22	3	55	0	153
23	1	90	-350	153
24	1	110	0	153
25	4	55	0	153
26	4	60	0	153
27	1	130	-350	153
28	2	100	0	153
29	2	90	0	153
30	4	40	0	153
31	1	90	0	153
32	2	120	0	153
33	3	55	-50	153
34	4	55	0	153
35	4	50	0	153
36	4	60	-250	153
37	1	100	-250	153
38	1	120	-200	153
39	2	110	-1250	153
40	1	110	0	153
41	1	90	-300	153
42	4	55	0	153
43	4	40	0	153
44	3	45	0	153
45	4	60	0	153
46	2	80	0	153
47	4	40	0	153
48	2	110	0	153
49	4	45	0	153
50	1	130	-150	153
51	4	55	0	153
52	4	65	0	153
53	3	50	-50	153
54	4	70	0	153
55	2	100	0	153
56	1	120	-250	153
57	4	50	0	153
58	4	70	-275	153
59	4	60	0	153
60	4	55	0	153
61	4	65	0	153
62	2	90	0	153
63	3	45	0	153
64	4	80	0	153
65	4	40	0	153
66	4	80	0	153
67	4	40	0	153
68	4	65	0	153
69	4	55	-300	153
70	4	60	0	153
71	4	65	0	153
72	4	75	0	153
73	1	100	0	153
74	1	120	-250	153
75	1	140	-300	153
76	2	130	-1500	153
77	4	60	0	153
78	4	65	0	153
79	1	110	0	153
80	1	110	-350	153
81	2	120	0	153
82	2	130	0	153
83	3	60	-50	153
84	4	75	-325	153
85	4	85	0	153
86	4	45	0	153
87	1	100	0	153
88	1	120	-200	153
89	1	130	-250	153
90	4	55	0	153
91	2	110	0	153
92	3	40	-50	153
93	4	70	0	153
94	4	55	0	153
95	4	70	0	153
96	1	110	-150	153
97	1	140	-250	153
98	1	120	0	153
99	2	90	0	153
100	3	55	0	153
1	3	50	0	171
2	1	100	0	171
3	2	100	0	171
4	4	50	0	171
5	1	120	0	171
6	2	80	0	171
7	3	60	0	171
8	1	80	-150	171
9	4	40	0	171
10	2	110	0	171
11	2	120	0	171
12	3	40	-50	171
13	2	90	0	171
14	2	100	0	171
15	2	90	0	171
16	2	120	0	171
17	2	110	-1250	171
18	4	45	0	171
19	2	80	0	171
20	2	110	0	171
21	1	90	0	171
22	3	55	0	171
23	4	45	0	171
24	2	100	0	171
25	1	110	-300	171
26	2	90	0	171
27	3	55	-50	171
28	4	55	0	171
29	4	60	0	171
30	2	130	-1500	171
31	2	120	0	171
32	4	40	0	171
33	1	100	0	171
34	2	130	0	171
35	3	45	0	171
36	4	55	0	171
37	2	110	0	171
38	1	80	-200	171
39	2	90	0	171
40	3	50	-50	171
41	2	100	0	171
42	1	120	0	171
43	2	120	0	171
44	1	110	-250	171
45	2	120	-1750	171
46	3	45	0	171
47	4	50	0	171
48	3	60	-50	171
49	4	60	-250	171
50	2	110	0	171
51	3	40	-50	171
52	1	90	-350	171
53	2	140	0	171
54	3	55	0	171
55	4	55	0	171
56	3	55	-25	171
57	2	130	0	171
58	4	40	0	171
59	1	110	0	171
60	2	100	0	171
61	4	60	0	171
62	2	110	0	171
63	4	40	0	171
64	1	130	-350	171
65	2	120	0	171
66	4	45	0	171
67	1	90	0	171
68	2	120	0	171
69	4	55	0	171
70	2	140	0	171
71	1	100	-250	171
72	2	110	0	171
73	4	65	0	171
74	3	65	-75	171
75	4	70	0	171
76	1	120	-200	171
77	2	130	0	171
78	4	50	0	171
79	2	140	-2000	171
80	3	45	0	171
81	4	70	-275	171
82	2	120	0	171
83	4	60	0	171
84	2	110	0	171
85	4	55	0	171
86	1	110	0	171
87	4	65	0	171
88	2	130	0	171
89	3	70	-25	171
90	4	80	0	171
91	1	90	-300	171
92	2	150	0	171
93	3	40	0	171
94	2	110	0	171
95	4	40	0	171
96	1	130	-150	171
97	4	80	0	171
98	2	150	0	171
99	4	40	0	171
100	2	120	0	171
1	1	100	0	181
2	1	120	0	181
3	1	80	-150	181
4	1	90	0	181
5	1	110	-300	181
6	1	100	0	181
7	1	80	-200	181
8	2	100	0	181
9	1	120	0	181
10	1	110	-250	181
11	4	50	0	181
12	1	90	-350	181
13	1	110	0	181
14	1	130	-350	181
15	2	80	0	181
16	2	110	0	181
17	2	120	0	181
18	2	90	0	181
19	2	100	0	181
20	2	90	0	181
21	2	120	0	181
22	2	110	-1250	181
23	2	80	0	181
24	2	110	0	181
25	2	100	0	181
26	2	90	0	181
27	2	130	-1500	181
28	3	50	0	181
29	3	60	0	181
30	3	40	-50	181
31	3	55	0	181
32	3	55	-50	181
33	4	40	0	181
34	4	45	0	181
35	2	120	0	181
36	1	90	0	181
37	4	45	0	181
38	2	130	0	181
39	3	45	0	181
40	1	100	-250	181
41	4	55	0	181
42	4	60	0	181
43	3	50	-50	181
44	2	110	0	181
45	1	120	-200	181
46	3	45	0	181
47	2	90	0	181
48	4	40	0	181
49	4	55	0	181
50	4	50	0	181
51	4	60	-250	181
52	3	60	-50	181
53	2	100	0	181
54	2	120	0	181
55	1	110	0	181
56	4	55	0	181
57	2	120	-1750	181
58	3	40	-50	181
59	2	110	0	181
60	2	140	0	181
61	1	90	-300	181
62	3	55	0	181
63	3	55	-25	181
64	4	40	0	181
65	4	60	0	181
66	4	40	0	181
67	4	45	0	181
68	4	55	0	181
69	4	65	0	181
70	4	70	0	181
71	2	130	0	181
72	4	50	0	181
73	4	70	-275	181
74	3	65	-75	181
75	4	60	0	181
76	4	55	0	181
77	4	65	0	181
78	4	80	0	181
79	4	40	0	181
80	4	80	0	181
81	4	40	0	181
82	4	65	0	181
83	4	55	-300	181
84	4	60	0	181
85	4	65	0	181
86	4	75	0	181
87	4	60	0	181
88	2	100	0	181
89	2	110	0	181
90	4	65	0	181
91	4	75	-325	181
92	2	120	0	181
93	2	120	0	181
94	2	140	0	181
95	4	85	0	181
96	4	45	0	181
97	4	55	0	181
98	4	70	0	181
99	4	55	0	181
100	2	110	0	181
1	4	50	0	185
2	4	40	0	185
3	3	50	0	185
4	4	45	0	185
5	1	100	0	185
6	2	100	0	185
7	1	120	0	185
8	1	80	-150	185
9	4	45	0	185
10	4	55	0	185
11	4	60	0	185
12	4	40	0	185
13	4	55	0	185
14	3	60	0	185
15	2	80	0	185
16	4	50	0	185
17	3	40	-50	185
18	4	60	-250	185
19	1	90	0	185
20	1	110	-300	185
21	4	55	0	185
22	4	40	0	185
23	3	55	0	185
24	2	110	0	185
25	4	60	0	185
26	1	100	0	185
27	4	40	0	185
28	4	45	0	185
29	3	55	-50	185
30	4	55	0	185
31	1	80	-200	185
32	4	65	0	185
33	4	70	0	185
34	3	45	0	185
35	4	50	0	185
36	4	70	-275	185
37	3	50	-50	185
38	1	120	0	185
39	1	110	-250	185
40	2	120	0	185
41	2	90	0	185
42	2	100	0	185
43	3	45	0	185
44	1	90	-350	185
45	2	90	0	185
46	4	60	0	185
47	3	60	-50	185
48	2	120	0	185
49	1	110	0	185
50	4	55	0	185
51	3	40	-50	185
52	2	110	-1250	185
53	4	65	0	185
54	3	55	0	185
55	4	80	0	185
56	3	55	-25	185
57	1	130	-350	185
58	2	80	0	185
59	3	65	-75	185
60	4	40	0	185
61	4	80	0	185
62	1	90	0	185
63	4	40	0	185
64	3	45	0	185
65	2	110	0	185
66	4	65	0	185
67	3	70	-25	185
68	3	40	0	185
69	4	55	-300	185
70	3	50	-25	185
71	1	100	-250	185
72	2	100	0	185
73	4	60	0	185
74	4	65	0	185
75	4	75	0	185
76	3	60	-75	185
77	4	60	0	185
78	4	65	0	185
79	4	75	-325	185
80	1	120	-200	185
81	1	110	0	185
82	1	90	-300	185
83	2	90	0	185
84	4	85	0	185
85	3	70	0	185
86	4	45	0	185
87	1	130	-150	185
88	1	120	-250	185
89	4	55	0	185
90	3	40	-50	185
91	3	60	0	185
92	4	70	0	185
93	3	65	-25	185
94	3	55	0	185
95	1	100	0	185
96	4	55	0	185
97	2	130	-1500	185
98	4	70	0	185
99	4	80	0	185
100	3	80	-50	185
1	1	100	0	206
2	3	50	0	206
3	2	100	0	206
4	4	50	0	206
5	2	80	0	206
6	1	120	0	206
7	2	110	0	206
8	1	80	-150	206
9	3	60	0	206
10	2	120	0	206
11	4	40	0	206
12	1	90	0	206
13	2	90	0	206
14	3	40	-50	206
15	1	110	-300	206
16	2	100	0	206
17	4	45	0	206
18	2	90	0	206
19	3	55	0	206
20	1	100	0	206
21	3	55	-50	206
22	2	120	0	206
23	2	110	-1250	206
24	1	80	-200	206
25	4	45	0	206
26	3	45	0	206
27	2	80	0	206
28	1	120	0	206
29	2	110	0	206
30	3	50	-50	206
31	1	110	-250	206
32	2	100	0	206
33	4	55	0	206
34	3	45	0	206
35	2	90	0	206
36	1	90	-350	206
37	3	60	-50	206
38	2	130	-1500	206
39	3	40	-50	206
40	4	60	0	206
41	4	40	0	206
42	2	120	0	206
43	2	130	0	206
44	1	110	0	206
45	1	130	-350	206
46	2	110	0	206
47	4	55	0	206
48	3	55	0	206
49	1	90	0	206
50	2	90	0	206
51	1	100	-250	206
52	3	55	-25	206
53	2	100	0	206
54	2	120	0	206
55	4	50	0	206
56	2	120	-1750	206
57	4	60	-250	206
58	3	65	-75	206
59	2	110	0	206
60	2	140	0	206
61	1	120	-200	206
62	3	45	0	206
63	4	55	0	206
64	2	130	0	206
65	3	70	-25	206
66	1	110	0	206
67	1	90	-300	206
68	2	100	0	206
69	3	40	0	206
70	4	40	0	206
71	3	50	-25	206
72	1	130	-150	206
73	2	110	0	206
74	3	60	-75	206
75	2	120	0	206
76	3	70	0	206
77	4	60	0	206
78	2	120	0	206
79	3	40	-50	206
80	2	140	0	206
81	2	110	0	206
82	3	60	0	206
83	4	40	0	206
84	1	120	-250	206
85	2	130	0	206
86	3	65	-25	206
87	3	55	0	206
88	2	140	-2000	206
89	4	45	0	206
90	3	80	-50	206
91	1	100	0	206
92	2	120	0	206
93	4	55	0	206
94	2	110	0	206
95	1	120	-250	206
96	3	40	-25	206
97	2	130	0	206
98	3	60	-50	206
99	1	140	-300	206
100	4	65	0	206
1	3	50	0	207
2	4	50	0	207
3	2	100	0	207
4	1	100	0	207
5	2	80	0	207
6	1	120	0	207
7	3	60	0	207
8	1	80	-150	207
9	4	40	0	207
10	3	40	-50	207
11	4	45	0	207
12	4	45	0	207
13	4	55	0	207
14	4	60	0	207
15	4	40	0	207
16	4	55	0	207
17	4	50	0	207
18	4	60	-250	207
19	3	55	0	207
20	4	55	0	207
21	3	55	-50	207
22	4	40	0	207
23	1	90	0	207
24	2	110	0	207
25	2	120	0	207
26	2	90	0	207
27	4	60	0	207
28	3	45	0	207
29	1	110	-300	207
30	2	100	0	207
31	3	50	-50	207
32	4	40	0	207
33	4	45	0	207
34	4	55	0	207
35	4	65	0	207
36	4	70	0	207
37	4	50	0	207
38	4	70	-275	207
39	2	90	0	207
40	1	100	0	207
41	3	45	0	207
42	4	60	0	207
43	4	55	0	207
44	4	65	0	207
45	3	60	-50	207
46	2	120	0	207
47	1	80	-200	207
48	4	80	0	207
49	3	40	-50	207
50	4	40	0	207
51	4	80	0	207
52	2	110	-1250	207
53	4	40	0	207
54	4	65	0	207
55	4	55	-300	207
56	1	120	0	207
57	2	80	0	207
58	3	55	0	207
59	4	60	0	207
60	3	55	-25	207
61	3	65	-75	207
62	4	65	0	207
63	2	110	0	207
64	1	110	-250	207
65	3	45	0	207
66	2	100	0	207
67	4	75	0	207
68	4	60	0	207
69	4	65	0	207
70	3	70	-25	207
71	4	75	-325	207
72	2	90	0	207
73	1	90	-350	207
74	4	85	0	207
75	3	40	0	207
76	3	50	-25	207
77	4	45	0	207
78	2	130	-1500	207
79	1	110	0	207
80	4	55	0	207
81	3	60	-75	207
82	4	70	0	207
83	4	55	0	207
84	3	70	0	207
85	4	70	0	207
86	2	120	0	207
87	1	130	-350	207
88	4	80	0	207
89	3	40	-50	207
90	2	130	0	207
91	1	90	0	207
92	2	110	0	207
93	1	100	-250	207
94	4	65	0	207
95	4	70	0	207
96	4	80	-350	207
97	2	90	0	207
98	1	120	-200	207
99	2	100	0	207
100	1	110	0	207
1	2	100	0	208
2	2	80	0	208
3	2	110	0	208
4	1	100	0	208
5	1	120	0	208
6	1	80	-150	208
7	1	90	0	208
8	1	110	-300	208
9	2	120	0	208
10	4	50	0	208
11	3	50	0	208
12	3	60	0	208
13	3	40	-50	208
14	1	100	0	208
15	1	80	-200	208
16	2	90	0	208
17	2	100	0	208
18	2	90	0	208
19	2	120	0	208
20	2	110	-1250	208
21	2	80	0	208
22	1	120	0	208
23	3	55	0	208
24	3	55	-50	208
25	3	45	0	208
26	3	50	-50	208
27	1	110	-250	208
28	1	90	-350	208
29	2	110	0	208
30	2	100	0	208
31	2	90	0	208
32	3	45	0	208
33	3	60	-50	208
34	3	40	-50	208
35	3	55	0	208
36	3	55	-25	208
37	3	65	-75	208
38	3	45	0	208
39	3	70	-25	208
40	3	40	0	208
41	4	40	0	208
42	4	45	0	208
43	4	45	0	208
44	4	55	0	208
45	4	60	0	208
46	4	40	0	208
47	4	55	0	208
48	4	50	0	208
49	4	60	-250	208
50	4	55	0	208
51	4	40	0	208
52	4	60	0	208
53	4	40	0	208
54	4	45	0	208
55	3	50	-25	208
56	4	55	0	208
57	4	65	0	208
58	4	70	0	208
59	4	50	0	208
60	4	70	-275	208
61	4	60	0	208
62	3	60	-75	208
63	3	70	0	208
64	3	40	-50	208
65	4	55	0	208
66	4	65	0	208
67	4	80	0	208
68	4	40	0	208
69	1	110	0	208
70	2	130	-1500	208
71	3	60	0	208
72	3	65	-25	208
73	3	55	0	208
74	3	80	-50	208
75	2	120	0	208
76	2	130	0	208
77	3	40	-25	208
78	3	60	-50	208
79	3	55	0	208
80	4	80	0	208
81	3	65	-25	208
82	3	40	-75	208
83	3	80	-50	208
84	3	65	-25	208
85	4	40	0	208
86	4	65	0	208
87	2	110	0	208
88	1	130	-350	208
89	3	75	0	208
90	3	55	-25	208
91	3	60	-25	208
92	4	55	-300	208
93	3	70	-25	208
94	3	65	0	208
95	3	55	-75	208
96	3	75	-25	208
97	3	45	-50	208
98	3	85	-75	208
99	3	70	-25	208
100	4	60	0	208
1	1	100	0	209
2	1	120	0	209
3	2	100	0	209
4	1	80	-150	209
5	3	50	0	209
6	3	60	0	209
7	3	40	-50	209
8	1	90	0	209
9	4	50	0	209
10	3	55	0	209
11	2	80	0	209
12	3	55	-50	209
13	3	45	0	209
14	4	40	0	209
15	1	110	-300	209
16	2	110	0	209
17	1	100	0	209
18	1	80	-200	209
19	3	50	-50	209
20	3	45	0	209
21	4	45	0	209
22	2	120	0	209
23	3	60	-50	209
24	2	90	0	209
25	1	120	0	209
26	1	110	-250	209
27	1	90	-350	209
28	3	40	-50	209
29	3	55	0	209
30	2	100	0	209
31	2	90	0	209
32	2	120	0	209
33	2	110	-1250	209
34	4	45	0	209
35	2	80	0	209
36	2	110	0	209
37	3	55	-25	209
38	3	65	-75	209
39	4	55	0	209
40	1	110	0	209
41	1	130	-350	209
42	2	100	0	209
43	2	90	0	209
44	2	130	-1500	209
45	3	45	0	209
46	3	70	-25	209
47	4	60	0	209
48	2	120	0	209
49	1	90	0	209
50	2	130	0	209
51	2	110	0	209
52	2	90	0	209
53	3	40	0	209
54	3	50	-25	209
55	1	100	-250	209
56	1	120	-200	209
57	1	110	0	209
58	1	90	-300	209
59	2	100	0	209
60	2	120	0	209
61	3	60	-75	209
62	2	120	-1750	209
63	2	110	0	209
64	2	140	0	209
65	4	40	0	209
66	3	70	0	209
67	2	130	0	209
68	1	130	-150	209
69	2	100	0	209
70	2	110	0	209
71	2	120	0	209
72	2	120	0	209
73	2	140	0	209
74	2	110	0	209
75	2	130	0	209
76	2	140	-2000	209
77	3	40	-50	209
78	4	55	0	209
79	3	60	0	209
80	1	120	-250	209
81	2	120	0	209
82	2	110	0	209
83	4	50	0	209
84	3	65	-25	209
85	2	130	0	209
86	2	150	0	209
87	1	100	0	209
88	1	120	-250	209
89	1	140	-300	209
90	4	60	-250	209
91	1	110	0	209
92	2	110	0	209
93	1	110	-350	209
94	2	150	0	209
95	3	55	0	209
96	4	55	0	209
97	3	80	-50	209
98	4	40	0	209
99	3	40	-25	209
100	4	60	0	209
1	3	50	0	212
2	3	60	0	212
3	1	100	0	212
4	4	50	0	212
5	2	100	0	212
6	2	80	0	212
7	1	120	0	212
8	3	40	-50	212
9	2	110	0	212
10	4	40	0	212
11	1	80	-150	212
12	2	120	0	212
13	2	90	0	212
14	2	100	0	212
15	2	90	0	212
16	2	120	0	212
17	2	110	-1250	212
18	2	80	0	212
19	3	55	0	212
20	2	110	0	212
21	3	55	-50	212
22	1	90	0	212
23	2	100	0	212
24	2	90	0	212
25	2	130	-1500	212
26	2	120	0	212
27	4	45	0	212
28	4	45	0	212
29	4	55	0	212
30	4	60	0	212
31	3	45	0	212
32	1	110	-300	212
33	2	130	0	212
34	3	50	-50	212
35	4	40	0	212
36	4	55	0	212
37	4	50	0	212
38	4	60	-250	212
39	2	110	0	212
40	2	90	0	212
41	3	45	0	212
42	1	100	0	212
43	4	55	0	212
44	2	100	0	212
45	3	60	-50	212
46	1	80	-200	212
47	2	120	0	212
48	4	40	0	212
49	4	60	0	212
50	4	40	0	212
51	1	120	0	212
52	4	45	0	212
53	3	40	-50	212
54	1	110	-250	212
55	1	90	-350	212
56	4	55	0	212
57	4	65	0	212
58	4	70	0	212
59	4	50	0	212
60	3	55	0	212
61	2	120	-1750	212
62	2	110	0	212
63	2	140	0	212
64	2	130	0	212
65	4	70	-275	212
66	1	110	0	212
67	2	100	0	212
68	1	130	-350	212
69	3	55	-25	212
70	3	65	-75	212
71	4	60	0	212
72	4	55	0	212
73	4	65	0	212
74	4	80	0	212
75	4	40	0	212
76	4	80	0	212
77	3	45	0	212
78	4	40	0	212
79	4	65	0	212
80	4	55	-300	212
81	2	110	0	212
82	1	90	0	212
83	3	70	-25	212
84	3	40	0	212
85	3	50	-25	212
86	3	60	-75	212
87	4	60	0	212
88	4	65	0	212
89	2	120	0	212
90	3	70	0	212
91	4	75	0	212
92	3	40	-50	212
93	1	100	-250	212
94	4	60	0	212
95	4	65	0	212
96	4	75	-325	212
97	3	60	0	212
98	4	85	0	212
99	3	65	-25	212
100	4	45	0	212
1	2	100	0	222
2	3	50	0	222
3	4	50	0	222
4	1	100	0	222
5	2	80	0	222
6	1	120	0	222
7	3	60	0	222
8	4	40	0	222
9	2	110	0	222
10	1	80	-150	222
11	3	40	-50	222
12	4	45	0	222
13	2	120	0	222
14	4	45	0	222
15	2	90	0	222
16	4	55	0	222
17	2	100	0	222
18	4	60	0	222
19	2	90	0	222
20	4	40	0	222
21	2	120	0	222
22	4	55	0	222
23	2	110	-1250	222
24	4	50	0	222
25	2	80	0	222
26	4	60	-250	222
27	2	110	0	222
28	2	100	0	222
29	2	90	0	222
30	2	130	-1500	222
31	4	55	0	222
32	4	40	0	222
33	4	60	0	222
34	3	55	0	222
35	1	90	0	222
36	2	120	0	222
37	2	130	0	222
38	2	110	0	222
39	4	40	0	222
40	4	45	0	222
41	2	90	0	222
42	4	55	0	222
43	1	110	-300	222
44	2	100	0	222
45	4	65	0	222
46	2	120	0	222
47	1	100	0	222
48	3	55	-50	222
49	4	70	0	222
50	2	120	-1750	222
51	1	80	-200	222
52	3	45	0	222
53	2	110	0	222
54	2	140	0	222
55	4	50	0	222
56	4	70	-275	222
57	1	120	0	222
58	3	50	-50	222
59	1	110	-250	222
60	2	130	0	222
61	2	100	0	222
62	4	60	0	222
63	4	55	0	222
64	2	110	0	222
65	4	65	0	222
66	3	45	0	222
67	1	90	-350	222
68	2	120	0	222
69	4	80	0	222
70	3	60	-50	222
71	3	40	-50	222
72	3	55	0	222
73	3	55	-25	222
74	3	65	-75	222
75	2	120	0	222
76	3	45	0	222
77	3	70	-25	222
78	3	40	0	222
79	3	50	-25	222
80	2	140	0	222
81	3	60	-75	222
82	3	70	0	222
83	3	40	-50	222
84	3	60	0	222
85	3	65	-25	222
86	3	55	0	222
87	3	80	-50	222
88	3	40	-25	222
89	3	60	-50	222
90	3	55	0	222
91	3	65	-25	222
92	3	40	-75	222
93	3	80	-50	222
94	3	65	-25	222
95	3	75	0	222
96	3	55	-25	222
97	3	60	-25	222
98	3	70	-25	222
99	3	65	0	222
100	3	55	-75	222
1	2	100	0	226
2	4	50	0	226
3	2	80	0	226
4	1	100	0	226
5	3	50	0	226
6	4	40	0	226
7	1	120	0	226
8	2	110	0	226
9	2	120	0	226
10	1	80	-150	226
11	3	60	0	226
12	1	90	0	226
13	3	40	-50	226
14	4	45	0	226
15	1	110	-300	226
16	2	90	0	226
17	3	55	0	226
18	1	100	0	226
19	1	80	-200	226
20	4	45	0	226
21	1	120	0	226
22	3	55	-50	226
23	4	55	0	226
24	3	45	0	226
25	4	60	0	226
26	2	100	0	226
27	4	40	0	226
28	2	90	0	226
29	4	55	0	226
30	1	110	-250	226
31	2	120	0	226
32	4	50	0	226
33	2	110	-1250	226
34	4	60	-250	226
35	3	50	-50	226
36	2	80	0	226
37	1	90	-350	226
38	4	55	0	226
39	3	45	0	226
40	2	110	0	226
41	2	100	0	226
42	2	90	0	226
43	2	130	-1500	226
44	4	40	0	226
45	1	110	0	226
46	3	60	-50	226
47	4	60	0	226
48	2	120	0	226
49	2	130	0	226
50	2	110	0	226
51	2	90	0	226
52	2	100	0	226
53	2	120	0	226
54	2	120	-1750	226
55	4	40	0	226
56	2	110	0	226
57	3	40	-50	226
58	1	130	-350	226
59	2	140	0	226
60	2	130	0	226
61	2	100	0	226
62	2	110	0	226
63	2	120	0	226
64	2	120	0	226
65	4	45	0	226
66	1	90	0	226
67	3	55	0	226
68	3	55	-25	226
69	2	140	0	226
70	2	110	0	226
71	2	130	0	226
72	2	140	-2000	226
73	2	120	0	226
74	2	110	0	226
75	4	55	0	226
76	1	100	-250	226
77	2	130	0	226
78	2	150	0	226
79	3	65	-75	226
80	4	65	0	226
81	3	45	0	226
82	2	110	0	226
83	2	150	0	226
84	1	120	-200	226
85	4	70	0	226
86	2	120	0	226
87	3	70	-25	226
88	1	110	0	226
89	1	90	-300	226
90	4	50	0	226
91	2	140	0	226
92	2	140	0	226
93	2	150	0	226
94	2	130	0	226
95	2	120	0	226
96	2	140	0	226
97	2	160	-2250	226
98	4	70	-275	226
99	2	120	0	226
100	2	160	0	226
1	2	100	0	228
2	4	50	0	228
3	1	100	0	228
4	3	50	0	228
5	4	40	0	228
6	1	120	0	228
7	2	80	0	228
8	1	80	-150	228
9	3	60	0	228
10	4	45	0	228
11	1	90	0	228
12	3	40	-50	228
13	1	110	-300	228
14	4	45	0	228
15	2	110	0	228
16	3	55	0	228
17	1	100	0	228
18	4	55	0	228
19	2	120	0	228
20	3	55	-50	228
21	1	80	-200	228
22	2	90	0	228
23	4	60	0	228
24	1	120	0	228
25	3	45	0	228
26	1	110	-250	228
27	4	40	0	228
28	2	100	0	228
29	3	50	-50	228
30	1	90	-350	228
31	4	55	0	228
32	3	45	0	228
33	1	110	0	228
34	2	90	0	228
35	4	50	0	228
36	3	60	-50	228
37	1	130	-350	228
38	4	60	-250	228
39	1	90	0	228
40	2	120	0	228
41	4	55	0	228
42	3	40	-50	228
43	1	100	-250	228
44	3	55	0	228
45	1	120	-200	228
46	2	110	-1250	228
47	4	40	0	228
48	1	110	0	228
49	2	80	0	228
50	3	55	-25	228
51	2	110	0	228
52	1	90	-300	228
53	4	60	0	228
54	3	65	-75	228
55	1	130	-150	228
56	2	100	0	228
57	4	40	0	228
58	3	45	0	228
59	1	120	-250	228
60	2	90	0	228
61	3	70	-25	228
62	4	45	0	228
63	1	100	0	228
64	3	40	0	228
65	2	130	-1500	228
66	1	120	-250	228
67	4	55	0	228
68	1	140	-300	228
69	3	50	-25	228
70	2	120	0	228
71	4	65	0	228
72	1	110	0	228
73	3	60	-75	228
74	2	130	0	228
75	1	110	-350	228
76	2	110	0	228
77	4	70	0	228
78	3	70	0	228
79	1	100	0	228
80	1	120	-200	228
81	2	90	0	228
82	1	130	-250	228
83	4	50	0	228
84	2	100	0	228
85	1	110	-150	228
86	3	40	-50	228
87	2	120	0	228
88	4	70	-275	228
89	1	140	-250	228
90	3	60	0	228
91	2	120	-1750	228
92	4	60	0	228
93	1	120	0	228
94	3	65	-25	228
95	2	110	0	228
96	4	55	0	228
97	2	140	0	228
98	3	55	0	228
99	1	130	-350	228
100	2	130	0	228
1	1	100	0	229
2	1	120	0	229
3	2	100	0	229
4	2	80	0	229
5	3	50	0	229
6	3	60	0	229
7	4	50	0	229
8	4	40	0	229
9	1	80	-150	229
10	3	40	-50	229
11	1	90	0	229
12	4	45	0	229
13	3	55	0	229
14	2	110	0	229
15	2	120	0	229
16	1	110	-300	229
17	1	100	0	229
18	2	90	0	229
19	2	100	0	229
20	3	55	-50	229
21	3	45	0	229
22	4	45	0	229
23	4	55	0	229
24	1	80	-200	229
25	1	120	0	229
26	4	60	0	229
27	4	40	0	229
28	2	90	0	229
29	2	120	0	229
30	3	50	-50	229
31	3	45	0	229
32	1	110	-250	229
33	1	90	-350	229
34	1	110	0	229
35	1	130	-350	229
36	4	55	0	229
37	1	90	0	229
38	4	50	0	229
39	2	110	-1250	229
40	2	80	0	229
41	3	60	-50	229
42	3	40	-50	229
43	1	100	-250	229
44	1	120	-200	229
45	2	110	0	229
46	1	110	0	229
47	4	60	-250	229
48	4	55	0	229
49	3	55	0	229
50	4	40	0	229
51	3	55	-25	229
52	2	100	0	229
53	1	90	-300	229
54	1	130	-150	229
55	2	90	0	229
56	1	120	-250	229
57	4	60	0	229
58	2	130	-1500	229
59	2	120	0	229
60	1	100	0	229
61	3	65	-75	229
62	1	120	-250	229
63	1	140	-300	229
64	1	110	0	229
65	2	130	0	229
66	3	45	0	229
67	4	40	0	229
68	4	45	0	229
69	3	70	-25	229
70	2	110	0	229
71	1	110	-350	229
72	1	100	0	229
73	2	90	0	229
74	3	40	0	229
75	4	55	0	229
76	4	65	0	229
77	3	50	-25	229
78	2	100	0	229
79	1	120	-200	229
80	1	130	-250	229
81	1	110	-150	229
82	4	70	0	229
83	3	60	-75	229
84	1	140	-250	229
85	2	120	0	229
86	4	50	0	229
87	1	120	0	229
88	3	70	0	229
89	4	70	-275	229
90	2	120	-1750	229
91	1	130	-350	229
92	4	60	0	229
93	3	40	-50	229
94	3	60	0	229
95	2	110	0	229
96	1	120	-200	229
97	2	140	0	229
98	1	140	-250	229
99	3	65	-25	229
100	4	55	0	229
1	3	50	0	241
2	3	60	0	241
3	3	40	-50	241
4	1	100	0	241
5	1	120	0	241
6	2	100	0	241
7	4	50	0	241
8	2	80	0	241
9	3	55	0	241
10	1	80	-150	241
11	1	90	0	241
12	1	110	-300	241
13	2	110	0	241
14	3	55	-50	241
15	2	120	0	241
16	4	40	0	241
17	1	100	0	241
18	3	45	0	241
19	2	90	0	241
20	1	80	-200	241
21	2	100	0	241
22	4	45	0	241
23	1	120	0	241
24	3	50	-50	241
25	1	110	-250	241
26	2	90	0	241
27	2	120	0	241
28	4	45	0	241
29	3	45	0	241
30	4	55	0	241
31	3	60	-50	241
32	2	110	-1250	241
33	2	80	0	241
34	3	40	-50	241
35	1	90	-350	241
36	2	110	0	241
37	2	100	0	241
38	4	60	0	241
39	3	55	0	241
40	4	40	0	241
41	3	55	-25	241
42	2	90	0	241
43	2	130	-1500	241
44	2	120	0	241
45	4	55	0	241
46	3	65	-75	241
47	4	50	0	241
48	3	45	0	241
49	4	60	-250	241
50	2	130	0	241
51	2	110	0	241
52	3	70	-25	241
53	1	110	0	241
54	2	90	0	241
55	4	55	0	241
56	3	40	0	241
57	4	40	0	241
58	3	50	-25	241
59	4	60	0	241
60	3	60	-75	241
61	4	40	0	241
62	3	70	0	241
63	4	45	0	241
64	3	40	-50	241
65	2	100	0	241
66	4	55	0	241
67	3	60	0	241
68	3	65	-25	241
69	4	65	0	241
70	3	55	0	241
71	2	120	0	241
72	4	70	0	241
73	3	80	-50	241
74	3	40	-25	241
75	3	60	-50	241
76	3	55	0	241
77	3	65	-25	241
78	3	40	-75	241
79	4	50	0	241
80	4	70	-275	241
81	3	80	-50	241
82	3	65	-25	241
83	3	75	0	241
84	3	55	-25	241
85	4	60	0	241
86	3	60	-25	241
87	3	70	-25	241
88	3	65	0	241
89	3	55	-75	241
90	3	75	-25	241
91	3	45	-50	241
92	4	55	0	241
93	3	85	-75	241
94	4	65	0	241
95	3	70	-25	241
96	4	80	0	241
97	3	80	0	241
98	4	40	0	241
99	3	60	-25	241
100	4	80	0	241
1	2	100	0	242
2	3	50	0	242
3	3	60	0	242
4	2	80	0	242
5	2	110	0	242
6	2	120	0	242
7	2	90	0	242
8	3	40	-50	242
9	3	55	0	242
10	3	55	-50	242
11	1	100	0	242
12	1	120	0	242
13	2	100	0	242
14	3	45	0	242
15	2	90	0	242
16	2	120	0	242
17	2	110	-1250	242
18	3	50	-50	242
19	1	80	-150	242
20	1	90	0	242
21	1	110	-300	242
22	1	100	0	242
23	1	80	-200	242
24	3	45	0	242
25	4	50	0	242
26	4	40	0	242
27	4	45	0	242
28	4	45	0	242
29	4	55	0	242
30	4	60	0	242
31	4	40	0	242
32	4	55	0	242
33	4	50	0	242
34	4	60	-250	242
35	4	55	0	242
36	4	40	0	242
37	3	60	-50	242
38	2	80	0	242
39	2	110	0	242
40	1	120	0	242
41	2	100	0	242
42	1	110	-250	242
43	2	90	0	242
44	2	130	-1500	242
45	2	120	0	242
46	1	90	-350	242
47	4	60	0	242
48	4	40	0	242
49	4	45	0	242
50	4	55	0	242
51	4	65	0	242
52	4	70	0	242
53	4	50	0	242
54	4	70	-275	242
55	4	60	0	242
56	3	40	-50	242
57	2	130	0	242
58	1	110	0	242
59	1	130	-350	242
60	2	110	0	242
61	2	90	0	242
62	2	100	0	242
63	2	120	0	242
64	4	55	0	242
65	2	120	-1750	242
66	4	65	0	242
67	4	80	0	242
68	2	110	0	242
69	1	90	0	242
70	2	140	0	242
71	1	100	-250	242
72	1	120	-200	242
73	2	130	0	242
74	2	100	0	242
75	3	55	0	242
76	3	55	-25	242
77	4	40	0	242
78	3	65	-75	242
79	4	80	0	242
80	4	40	0	242
81	4	65	0	242
82	4	55	-300	242
83	4	60	0	242
84	4	65	0	242
85	4	75	0	242
86	4	60	0	242
87	4	65	0	242
88	4	75	-325	242
89	4	85	0	242
90	4	45	0	242
91	4	55	0	242
92	4	70	0	242
93	4	55	0	242
94	4	70	0	242
95	3	45	0	242
96	4	80	0	242
97	4	65	0	242
98	3	70	-25	242
99	4	70	0	242
100	4	80	-350	242
1	2	100	0	243
2	2	80	0	243
3	3	50	0	243
4	1	100	0	243
5	1	120	0	243
6	1	80	-150	243
7	4	50	0	243
8	4	40	0	243
9	3	60	0	243
10	3	40	-50	243
11	2	110	0	243
12	2	120	0	243
13	2	90	0	243
14	2	100	0	243
15	2	90	0	243
16	1	90	0	243
17	1	110	-300	243
18	2	120	0	243
19	2	110	-1250	243
20	3	55	0	243
21	4	45	0	243
22	3	55	-50	243
23	4	45	0	243
24	4	55	0	243
25	4	60	0	243
26	2	80	0	243
27	1	100	0	243
28	4	40	0	243
29	2	110	0	243
30	1	80	-200	243
31	2	100	0	243
32	4	55	0	243
33	4	50	0	243
34	4	60	-250	243
35	3	45	0	243
36	2	90	0	243
37	3	50	-50	243
38	1	120	0	243
39	2	130	-1500	243
40	3	45	0	243
41	4	55	0	243
42	2	120	0	243
43	1	110	-250	243
44	3	60	-50	243
45	4	40	0	243
46	3	40	-50	243
47	4	60	0	243
48	2	130	0	243
49	1	90	-350	243
50	4	40	0	243
51	4	45	0	243
52	3	55	0	243
53	3	55	-25	243
54	2	110	0	243
55	4	55	0	243
56	1	110	0	243
57	3	65	-75	243
58	4	65	0	243
59	2	90	0	243
60	4	70	0	243
61	1	130	-350	243
62	4	50	0	243
63	1	90	0	243
64	3	45	0	243
65	2	100	0	243
66	2	120	0	243
67	3	70	-25	243
68	3	40	0	243
69	3	50	-25	243
70	3	60	-75	243
71	1	100	-250	243
72	2	120	-1750	243
73	4	70	-275	243
74	4	60	0	243
75	2	110	0	243
76	2	140	0	243
77	2	130	0	243
78	1	120	-200	243
79	1	110	0	243
80	1	90	-300	243
81	2	100	0	243
82	2	110	0	243
83	3	70	0	243
84	4	55	0	243
85	4	65	0	243
86	3	40	-50	243
87	4	80	0	243
88	1	130	-150	243
89	2	120	0	243
90	2	120	0	243
91	4	40	0	243
92	3	60	0	243
93	2	140	0	243
94	1	120	-250	243
95	2	110	0	243
96	2	130	0	243
97	2	140	-2000	243
98	2	120	0	243
99	3	65	-25	243
100	2	110	0	243
1	2	100	0	246
2	4	50	0	246
3	1	100	0	246
4	2	80	0	246
5	3	50	0	246
6	1	120	0	246
7	3	60	0	246
8	4	40	0	246
9	1	80	-150	246
10	2	110	0	246
11	3	40	-50	246
12	4	45	0	246
13	1	90	0	246
14	3	55	0	246
15	2	120	0	246
16	1	110	-300	246
17	4	45	0	246
18	3	55	-50	246
19	2	90	0	246
20	4	55	0	246
21	1	100	0	246
22	3	45	0	246
23	2	100	0	246
24	1	80	-200	246
25	4	60	0	246
26	2	90	0	246
27	4	40	0	246
28	3	50	-50	246
29	1	120	0	246
30	4	55	0	246
31	2	120	0	246
32	3	45	0	246
33	2	110	-1250	246
34	1	110	-250	246
35	1	90	-350	246
36	2	80	0	246
37	4	50	0	246
38	3	60	-50	246
39	2	110	0	246
40	2	100	0	246
41	2	90	0	246
42	2	130	-1500	246
43	1	110	0	246
44	1	130	-350	246
45	3	40	-50	246
46	4	60	-250	246
47	1	90	0	246
48	1	100	-250	246
49	2	120	0	246
50	3	55	0	246
51	3	55	-25	246
52	4	55	0	246
53	4	40	0	246
54	3	65	-75	246
55	2	130	0	246
56	1	120	-200	246
57	2	110	0	246
58	2	90	0	246
59	2	100	0	246
60	2	120	0	246
61	4	60	0	246
62	2	120	-1750	246
63	3	45	0	246
64	1	110	0	246
65	4	40	0	246
66	4	45	0	246
67	4	55	0	246
68	4	65	0	246
69	1	90	-300	246
70	2	110	0	246
71	2	140	0	246
72	3	70	-25	246
73	4	70	0	246
74	4	50	0	246
75	2	130	0	246
76	2	100	0	246
77	4	70	-275	246
78	3	40	0	246
79	1	130	-150	246
80	2	110	0	246
81	2	120	0	246
82	4	60	0	246
83	2	120	0	246
84	4	55	0	246
85	2	140	0	246
86	4	65	0	246
87	2	110	0	246
88	4	80	0	246
89	2	130	0	246
90	2	140	-2000	246
91	4	40	0	246
92	4	80	0	246
93	1	120	-250	246
94	3	50	-25	246
95	2	120	0	246
96	4	40	0	246
97	4	65	0	246
98	2	110	0	246
99	2	130	0	246
100	4	55	-300	246
1	2	100	0	251
2	3	50	0	251
3	4	50	0	251
4	2	80	0	251
5	3	60	0	251
6	3	40	-50	251
7	1	100	0	251
8	2	110	0	251
9	4	40	0	251
10	3	55	0	251
11	4	45	0	251
12	1	120	0	251
13	2	120	0	251
14	3	55	-50	251
15	4	45	0	251
16	2	90	0	251
17	1	80	-150	251
18	3	45	0	251
19	4	55	0	251
20	2	100	0	251
21	1	90	0	251
22	2	90	0	251
23	3	50	-50	251
24	4	60	0	251
25	3	45	0	251
26	1	110	-300	251
27	4	40	0	251
28	1	100	0	251
29	2	120	0	251
30	3	60	-50	251
31	1	80	-200	251
32	4	55	0	251
33	3	40	-50	251
34	2	110	-1250	251
35	4	50	0	251
36	1	120	0	251
37	2	80	0	251
38	4	60	-250	251
39	3	55	0	251
40	4	55	0	251
41	2	110	0	251
42	3	55	-25	251
43	4	40	0	251
44	4	60	0	251
45	3	65	-75	251
46	2	100	0	251
47	1	110	-250	251
48	2	90	0	251
49	3	45	0	251
50	4	40	0	251
51	2	130	-1500	251
52	3	70	-25	251
53	4	45	0	251
54	3	40	0	251
55	2	120	0	251
56	1	90	-350	251
57	2	130	0	251
58	3	50	-25	251
59	4	55	0	251
60	4	65	0	251
61	3	60	-75	251
62	2	110	0	251
63	3	70	0	251
64	4	70	0	251
65	3	40	-50	251
66	2	90	0	251
67	3	60	0	251
68	4	50	0	251
69	3	65	-25	251
70	2	100	0	251
71	3	55	0	251
72	4	70	-275	251
73	3	80	-50	251
74	2	120	0	251
75	3	40	-25	251
76	4	60	0	251
77	3	60	-50	251
78	2	120	-1750	251
79	3	55	0	251
80	1	110	0	251
81	2	110	0	251
82	3	65	-25	251
83	4	55	0	251
84	3	40	-75	251
85	2	140	0	251
86	1	130	-350	251
87	2	130	0	251
88	3	80	-50	251
89	4	65	0	251
90	3	65	-25	251
91	2	100	0	251
92	1	90	0	251
93	2	110	0	251
94	3	75	0	251
95	4	80	0	251
96	1	100	-250	251
97	2	120	0	251
98	3	55	-25	251
99	1	120	-200	251
100	2	120	0	251
1	4	50	0	271
2	3	50	0	271
3	2	100	0	271
4	1	100	0	271
5	1	120	0	271
6	2	80	0	271
7	3	60	0	271
8	4	40	0	271
9	4	45	0	271
10	3	40	-50	271
11	2	110	0	271
12	1	80	-150	271
13	2	120	0	271
14	4	45	0	271
15	2	90	0	271
16	4	55	0	271
17	2	100	0	271
18	4	60	0	271
19	2	90	0	271
20	3	55	0	271
21	2	120	0	271
22	1	90	0	271
23	2	110	-1250	271
24	4	40	0	271
25	4	55	0	271
26	4	50	0	271
27	4	60	-250	271
28	2	80	0	271
29	4	55	0	271
30	3	55	-50	271
31	4	40	0	271
32	2	110	0	271
33	4	60	0	271
34	1	110	-300	271
35	2	100	0	271
36	4	40	0	271
37	2	90	0	271
38	4	45	0	271
39	2	130	-1500	271
40	4	55	0	271
41	4	65	0	271
42	4	70	0	271
43	4	50	0	271
44	4	70	-275	271
45	2	120	0	271
46	2	130	0	271
47	2	110	0	271
48	4	60	0	271
49	2	90	0	271
50	4	55	0	271
51	2	100	0	271
52	4	65	0	271
53	4	80	0	271
54	4	40	0	271
55	2	120	0	271
56	4	80	0	271
57	3	45	0	271
58	2	120	-1750	271
59	4	40	0	271
60	4	65	0	271
61	4	55	-300	271
62	4	60	0	271
63	2	110	0	271
64	2	140	0	271
65	2	130	0	271
66	2	100	0	271
67	4	65	0	271
68	2	110	0	271
69	4	75	0	271
70	2	120	0	271
71	4	60	0	271
72	4	65	0	271
73	4	75	-325	271
74	4	85	0	271
75	4	45	0	271
76	4	55	0	271
77	3	50	-50	271
78	1	100	0	271
79	4	70	0	271
80	4	55	0	271
81	4	70	0	271
82	4	80	0	271
83	4	65	0	271
84	4	70	0	271
85	4	80	-350	271
86	2	120	0	271
87	2	140	0	271
88	4	90	0	271
89	4	50	0	271
90	4	60	0	271
91	2	110	0	271
92	4	75	0	271
93	4	60	0	271
94	4	75	0	271
95	4	85	0	271
96	2	130	0	271
97	4	70	0	271
98	4	75	0	271
99	4	85	0	271
100	2	140	-2000	271
1	3	50	0	272
2	1	100	0	272
3	2	100	0	272
4	4	50	0	272
5	2	80	0	272
6	1	120	0	272
7	2	110	0	272
8	4	40	0	272
9	4	45	0	272
10	3	60	0	272
11	3	40	-50	272
12	3	55	0	272
13	2	120	0	272
14	1	80	-150	272
15	3	55	-50	272
16	3	45	0	272
17	2	90	0	272
18	1	90	0	272
19	3	50	-50	272
20	3	45	0	272
21	4	45	0	272
22	2	100	0	272
23	2	90	0	272
24	1	110	-300	272
25	3	60	-50	272
26	2	120	0	272
27	1	100	0	272
28	4	55	0	272
29	2	110	-1250	272
30	3	40	-50	272
31	1	80	-200	272
32	4	60	0	272
33	3	55	0	272
34	1	120	0	272
35	2	80	0	272
36	4	40	0	272
37	4	55	0	272
38	2	110	0	272
39	2	100	0	272
40	2	90	0	272
41	1	110	-250	272
42	1	90	-350	272
43	1	110	0	272
44	3	55	-25	272
45	3	65	-75	272
46	3	45	0	272
47	1	130	-350	272
48	2	130	-1500	272
49	1	90	0	272
50	4	50	0	272
51	3	70	-25	272
52	3	40	0	272
53	4	60	-250	272
54	2	120	0	272
55	4	55	0	272
56	4	40	0	272
57	4	60	0	272
58	1	100	-250	272
59	1	120	-200	272
60	1	110	0	272
61	3	50	-25	272
62	1	90	-300	272
63	1	130	-150	272
64	1	120	-250	272
65	1	100	0	272
66	4	40	0	272
67	2	130	0	272
68	1	120	-250	272
69	1	140	-300	272
70	1	110	0	272
71	4	45	0	272
72	3	60	-75	272
73	4	55	0	272
74	3	70	0	272
75	2	110	0	272
76	2	90	0	272
77	4	65	0	272
78	2	100	0	272
79	1	110	-350	272
80	1	100	0	272
81	4	70	0	272
82	1	120	-200	272
83	1	130	-250	272
84	2	120	0	272
85	1	110	-150	272
86	4	50	0	272
87	4	70	-275	272
88	1	140	-250	272
89	2	120	-1750	272
90	1	120	0	272
91	4	60	0	272
92	1	130	-350	272
93	1	120	-200	272
94	1	140	-250	272
95	4	55	0	272
96	4	65	0	272
97	2	110	0	272
98	1	130	-250	272
99	1	110	-150	272
100	3	40	-50	272
1	1	100	0	274
2	1	120	0	274
3	1	80	-150	274
4	1	90	0	274
5	1	110	-300	274
6	1	100	0	274
7	2	100	0	274
8	2	80	0	274
9	2	110	0	274
10	2	120	0	274
11	2	90	0	274
12	2	100	0	274
13	2	90	0	274
14	2	120	0	274
15	2	110	-1250	274
16	3	50	0	274
17	3	60	0	274
18	4	50	0	274
19	4	40	0	274
20	4	45	0	274
21	3	40	-50	274
22	4	45	0	274
23	1	80	-200	274
24	2	80	0	274
25	1	120	0	274
26	1	110	-250	274
27	4	55	0	274
28	3	55	0	274
29	4	60	0	274
30	3	55	-50	274
31	4	40	0	274
32	2	110	0	274
33	3	45	0	274
34	4	55	0	274
35	1	90	-350	274
36	3	50	-50	274
37	4	50	0	274
38	3	45	0	274
39	4	60	-250	274
40	3	60	-50	274
41	4	55	0	274
42	3	40	-50	274
43	4	40	0	274
44	4	60	0	274
45	4	40	0	274
46	2	100	0	274
47	4	45	0	274
48	3	55	0	274
49	3	55	-25	274
50	4	55	0	274
51	2	90	0	274
52	4	65	0	274
53	3	65	-75	274
54	4	70	0	274
55	3	45	0	274
56	4	50	0	274
57	3	70	-25	274
58	4	70	-275	274
59	3	40	0	274
60	2	130	-1500	274
61	3	50	-25	274
62	3	60	-75	274
63	1	110	0	274
64	1	130	-350	274
65	1	90	0	274
66	1	100	-250	274
67	3	70	0	274
68	4	60	0	274
69	2	120	0	274
70	2	130	0	274
71	3	40	-50	274
72	4	55	0	274
73	3	60	0	274
74	4	65	0	274
75	1	120	-200	274
76	2	110	0	274
77	3	65	-25	274
78	4	80	0	274
79	4	40	0	274
80	3	55	0	274
81	3	80	-50	274
82	3	40	-25	274
83	4	80	0	274
84	3	60	-50	274
85	4	40	0	274
86	1	110	0	274
87	3	55	0	274
88	4	65	0	274
89	3	65	-25	274
90	4	55	-300	274
91	3	40	-75	274
92	4	60	0	274
93	3	80	-50	274
94	4	65	0	274
95	3	65	-25	274
96	3	75	0	274
97	3	55	-25	274
98	1	90	-300	274
99	2	90	0	274
100	3	60	-25	274
1	2	100	0	279
2	4	50	0	279
3	1	100	0	279
4	2	80	0	279
5	4	40	0	279
6	1	120	0	279
7	3	50	0	279
8	3	60	0	279
9	1	80	-150	279
10	4	45	0	279
11	3	40	-50	279
12	1	90	0	279
13	4	45	0	279
14	2	110	0	279
15	1	110	-300	279
16	4	55	0	279
17	1	100	0	279
18	3	55	0	279
19	4	60	0	279
20	1	80	-200	279
21	3	55	-50	279
22	1	120	0	279
23	4	40	0	279
24	3	45	0	279
25	2	120	0	279
26	2	90	0	279
27	3	50	-50	279
28	4	55	0	279
29	1	110	-250	279
30	3	45	0	279
31	2	100	0	279
32	4	50	0	279
33	2	90	0	279
34	3	60	-50	279
35	1	90	-350	279
36	4	60	-250	279
37	2	120	0	279
38	3	40	-50	279
39	4	55	0	279
40	2	110	-1250	279
41	3	55	0	279
42	2	80	0	279
43	4	40	0	279
44	3	55	-25	279
45	2	110	0	279
46	2	100	0	279
47	3	65	-75	279
48	1	110	0	279
49	4	60	0	279
50	3	45	0	279
51	1	130	-350	279
52	2	90	0	279
53	3	70	-25	279
54	4	40	0	279
55	1	90	0	279
56	2	130	-1500	279
57	4	45	0	279
58	1	100	-250	279
59	3	40	0	279
60	1	120	-200	279
61	4	55	0	279
62	3	50	-25	279
63	2	120	0	279
64	4	65	0	279
65	1	110	0	279
66	3	60	-75	279
67	2	130	0	279
68	4	70	0	279
69	1	90	-300	279
70	3	70	0	279
71	4	50	0	279
72	1	130	-150	279
73	3	40	-50	279
74	2	110	0	279
75	2	90	0	279
76	4	70	-275	279
77	1	120	-250	279
78	3	60	0	279
79	2	100	0	279
80	4	60	0	279
81	1	100	0	279
82	3	65	-25	279
83	4	55	0	279
84	3	55	0	279
85	1	120	-250	279
86	4	65	0	279
87	1	140	-300	279
88	3	80	-50	279
89	1	110	0	279
90	1	110	-350	279
91	3	40	-25	279
92	4	80	0	279
93	2	120	0	279
94	3	60	-50	279
95	2	120	-1750	279
96	4	40	0	279
97	1	100	0	279
98	3	55	0	279
99	2	110	0	279
100	4	80	0	279
1	2	100	0	280
2	4	50	0	280
3	3	50	0	280
4	2	80	0	280
5	1	100	0	280
6	1	120	0	280
7	1	80	-150	280
8	2	110	0	280
9	3	60	0	280
10	4	40	0	280
11	1	90	0	280
12	1	110	-300	280
13	2	120	0	280
14	3	40	-50	280
15	4	45	0	280
16	1	100	0	280
17	2	90	0	280
18	1	80	-200	280
19	2	100	0	280
20	3	55	0	280
21	2	90	0	280
22	2	120	0	280
23	4	45	0	280
24	4	55	0	280
25	3	55	-50	280
26	2	110	-1250	280
27	3	45	0	280
28	4	60	0	280
29	2	80	0	280
30	1	120	0	280
31	2	110	0	280
32	3	50	-50	280
33	3	45	0	280
34	3	60	-50	280
35	4	40	0	280
36	4	55	0	280
37	4	50	0	280
38	4	60	-250	280
39	1	110	-250	280
40	1	90	-350	280
41	2	100	0	280
42	3	40	-50	280
43	2	90	0	280
44	3	55	0	280
45	2	130	-1500	280
46	1	110	0	280
47	2	120	0	280
48	3	55	-25	280
49	4	55	0	280
50	3	65	-75	280
51	2	130	0	280
52	4	40	0	280
53	3	45	0	280
54	2	110	0	280
55	1	130	-350	280
56	4	60	0	280
57	3	70	-25	280
58	3	40	0	280
59	2	90	0	280
60	4	40	0	280
61	3	50	-25	280
62	3	60	-75	280
63	3	70	0	280
64	4	45	0	280
65	4	55	0	280
66	2	100	0	280
67	3	40	-50	280
68	4	65	0	280
69	2	120	0	280
70	4	70	0	280
71	4	50	0	280
72	3	60	0	280
73	4	70	-275	280
74	4	60	0	280
75	3	65	-25	280
76	3	55	0	280
77	3	80	-50	280
78	3	40	-25	280
79	3	60	-50	280
80	3	55	0	280
81	4	55	0	280
82	2	120	-1750	280
83	2	110	0	280
84	3	65	-25	280
85	1	90	0	280
86	1	100	-250	280
87	3	40	-75	280
88	4	65	0	280
89	4	80	0	280
90	3	80	-50	280
91	4	40	0	280
92	3	65	-25	280
93	1	120	-200	280
94	2	140	0	280
95	3	75	0	280
96	4	80	0	280
97	2	130	0	280
98	3	55	-25	280
99	4	40	0	280
100	4	65	0	280
1	1	100	0	284
2	1	120	0	284
3	1	80	-150	284
4	2	100	0	284
5	3	50	0	284
6	2	80	0	284
7	4	50	0	284
8	4	40	0	284
9	1	90	0	284
10	3	60	0	284
11	3	40	-50	284
12	4	45	0	284
13	1	110	-300	284
14	1	100	0	284
15	2	110	0	284
16	3	55	0	284
17	4	45	0	284
18	1	80	-200	284
19	2	120	0	284
20	2	90	0	284
21	3	55	-50	284
22	3	45	0	284
23	3	50	-50	284
24	4	55	0	284
25	1	120	0	284
26	1	110	-250	284
27	2	100	0	284
28	4	60	0	284
29	3	45	0	284
30	2	90	0	284
31	3	60	-50	284
32	1	90	-350	284
33	4	40	0	284
34	3	40	-50	284
35	4	55	0	284
36	4	50	0	284
37	1	110	0	284
38	2	120	0	284
39	1	130	-350	284
40	2	110	-1250	284
41	4	60	-250	284
42	4	55	0	284
43	3	55	0	284
44	2	80	0	284
45	1	90	0	284
46	2	110	0	284
47	4	40	0	284
48	3	55	-25	284
49	1	100	-250	284
50	2	100	0	284
51	2	90	0	284
52	3	65	-75	284
53	4	60	0	284
54	4	40	0	284
55	4	45	0	284
56	4	55	0	284
57	4	65	0	284
58	4	70	0	284
59	4	50	0	284
60	4	70	-275	284
61	3	45	0	284
62	2	130	-1500	284
63	1	120	-200	284
64	2	120	0	284
65	1	110	0	284
66	1	90	-300	284
67	4	60	0	284
68	4	55	0	284
69	3	70	-25	284
70	1	130	-150	284
71	2	130	0	284
72	2	110	0	284
73	1	120	-250	284
74	3	40	0	284
75	4	65	0	284
76	3	50	-25	284
77	4	80	0	284
78	1	100	0	284
79	3	60	-75	284
80	4	40	0	284
81	4	80	0	284
82	4	40	0	284
83	2	90	0	284
84	1	120	-250	284
85	4	65	0	284
86	1	140	-300	284
87	1	110	0	284
88	2	100	0	284
89	3	70	0	284
90	3	40	-50	284
91	4	55	-300	284
92	3	60	0	284
93	2	120	0	284
94	1	110	-350	284
95	4	60	0	284
96	3	65	-25	284
97	4	65	0	284
98	4	75	0	284
99	4	60	0	284
100	3	55	0	284
1	3	50	0	315
2	2	100	0	315
3	2	80	0	315
4	2	110	0	315
5	2	120	0	315
6	2	90	0	315
7	2	100	0	315
8	2	90	0	315
9	4	50	0	315
10	2	120	0	315
11	2	110	-1250	315
12	3	60	0	315
13	3	40	-50	315
14	1	100	0	315
15	4	40	0	315
16	2	80	0	315
17	3	55	0	315
18	1	120	0	315
19	4	45	0	315
20	3	55	-50	315
21	1	80	-150	315
22	4	45	0	315
23	4	55	0	315
24	4	60	0	315
25	4	40	0	315
26	4	55	0	315
27	4	50	0	315
28	4	60	-250	315
29	3	45	0	315
30	3	50	-50	315
31	1	90	0	315
32	1	110	-300	315
33	4	55	0	315
34	4	40	0	315
35	4	60	0	315
36	4	40	0	315
37	4	45	0	315
38	4	55	0	315
39	4	65	0	315
40	4	70	0	315
41	4	50	0	315
42	4	70	-275	315
43	4	60	0	315
44	4	55	0	315
45	4	65	0	315
46	4	80	0	315
47	4	40	0	315
48	4	80	0	315
49	4	40	0	315
50	4	65	0	315
51	4	55	-300	315
52	3	45	0	315
53	2	110	0	315
54	2	100	0	315
55	2	90	0	315
56	2	130	-1500	315
57	2	120	0	315
58	2	130	0	315
59	3	60	-50	315
60	2	110	0	315
61	2	90	0	315
62	2	100	0	315
63	2	120	0	315
64	3	40	-50	315
65	2	120	-1750	315
66	1	100	0	315
67	1	80	-200	315
68	4	60	0	315
69	4	65	0	315
70	2	110	0	315
71	2	140	0	315
72	3	55	0	315
73	1	120	0	315
74	1	110	-250	315
75	2	130	0	315
76	2	100	0	315
77	4	75	0	315
78	4	60	0	315
79	4	65	0	315
80	4	75	-325	315
81	3	55	-25	315
82	2	110	0	315
83	1	90	-350	315
84	2	120	0	315
85	2	120	0	315
86	2	140	0	315
87	2	110	0	315
88	3	65	-75	315
89	2	130	0	315
90	2	140	-2000	315
91	1	110	0	315
92	1	130	-350	315
93	4	85	0	315
94	4	45	0	315
95	3	45	0	315
96	2	120	0	315
97	2	110	0	315
98	2	130	0	315
99	1	90	0	315
100	2	150	0	315
1	2	100	0	325
2	2	80	0	325
3	3	50	0	325
4	4	50	0	325
5	3	60	0	325
6	4	40	0	325
7	3	40	-50	325
8	4	45	0	325
9	4	45	0	325
10	1	100	0	325
11	1	120	0	325
12	4	55	0	325
13	1	80	-150	325
14	4	60	0	325
15	3	55	0	325
16	2	110	0	325
17	4	40	0	325
18	2	120	0	325
19	4	55	0	325
20	2	90	0	325
21	4	50	0	325
22	2	100	0	325
23	2	90	0	325
24	4	60	-250	325
25	2	120	0	325
26	2	110	-1250	325
27	2	80	0	325
28	4	55	0	325
29	1	90	0	325
30	1	110	-300	325
31	4	40	0	325
32	3	55	-50	325
33	2	110	0	325
34	4	60	0	325
35	2	100	0	325
36	4	40	0	325
37	2	90	0	325
38	4	45	0	325
39	2	130	-1500	325
40	4	55	0	325
41	4	65	0	325
42	1	100	0	325
43	2	120	0	325
44	4	70	0	325
45	2	130	0	325
46	4	50	0	325
47	2	110	0	325
48	4	70	-275	325
49	2	90	0	325
50	4	60	0	325
51	2	100	0	325
52	2	120	0	325
53	2	120	-1750	325
54	4	55	0	325
55	1	80	-200	325
56	3	45	0	325
57	4	65	0	325
58	3	50	-50	325
59	4	80	0	325
60	2	110	0	325
61	4	40	0	325
62	2	140	0	325
63	4	80	0	325
64	2	130	0	325
65	4	40	0	325
66	2	100	0	325
67	4	65	0	325
68	3	45	0	325
69	4	55	-300	325
70	2	110	0	325
71	2	120	0	325
72	4	60	0	325
73	4	65	0	325
74	2	120	0	325
75	4	75	0	325
76	4	60	0	325
77	2	140	0	325
78	2	110	0	325
79	4	65	0	325
80	4	75	-325	325
81	2	130	0	325
82	2	140	-2000	325
83	3	60	-50	325
84	4	85	0	325
85	1	120	0	325
86	2	120	0	325
87	2	110	0	325
88	4	45	0	325
89	4	55	0	325
90	3	40	-50	325
91	2	130	0	325
92	2	150	0	325
93	1	110	-250	325
94	2	110	0	325
95	2	150	0	325
96	4	70	0	325
97	4	55	0	325
98	2	120	0	325
99	4	70	0	325
100	4	80	0	325
1	3	50	0	331
2	3	60	0	331
3	4	50	0	331
4	4	40	0	331
5	2	100	0	331
6	2	80	0	331
7	2	110	0	331
8	1	100	0	331
9	1	120	0	331
10	3	40	-50	331
11	1	80	-150	331
12	3	55	0	331
13	3	55	-50	331
14	2	120	0	331
15	3	45	0	331
16	2	90	0	331
17	3	50	-50	331
18	2	100	0	331
19	3	45	0	331
20	2	90	0	331
21	1	90	0	331
22	2	120	0	331
23	1	110	-300	331
24	2	110	-1250	331
25	3	60	-50	331
26	4	45	0	331
27	3	40	-50	331
28	2	80	0	331
29	3	55	0	331
30	2	110	0	331
31	3	55	-25	331
32	2	100	0	331
33	3	65	-75	331
34	2	90	0	331
35	4	45	0	331
36	2	130	-1500	331
37	3	45	0	331
38	2	120	0	331
39	3	70	-25	331
40	2	130	0	331
41	3	40	0	331
42	2	110	0	331
43	3	50	-25	331
44	2	90	0	331
45	3	60	-75	331
46	2	100	0	331
47	3	70	0	331
48	2	120	0	331
49	3	40	-50	331
50	2	120	-1750	331
51	2	110	0	331
52	2	140	0	331
53	2	130	0	331
54	2	100	0	331
55	2	110	0	331
56	2	120	0	331
57	2	120	0	331
58	2	140	0	331
59	2	110	0	331
60	1	100	0	331
61	1	80	-200	331
62	1	120	0	331
63	1	110	-250	331
64	1	90	-350	331
65	1	110	0	331
66	3	60	0	331
67	4	55	0	331
68	3	65	-25	331
69	4	60	0	331
70	3	55	0	331
71	4	40	0	331
72	3	80	-50	331
73	4	55	0	331
74	3	40	-25	331
75	4	50	0	331
76	3	60	-50	331
77	4	60	-250	331
78	3	55	0	331
79	4	55	0	331
80	3	65	-25	331
81	4	40	0	331
82	3	40	-75	331
83	4	60	0	331
84	3	80	-50	331
85	4	40	0	331
86	3	65	-25	331
87	4	45	0	331
88	3	75	0	331
89	4	55	0	331
90	3	55	-25	331
91	4	65	0	331
92	3	60	-25	331
93	4	70	0	331
94	3	70	-25	331
95	4	50	0	331
96	3	65	0	331
97	4	70	-275	331
98	3	55	-75	331
99	4	60	0	331
100	3	75	-25	331
1	3	50	0	333
2	3	60	0	333
3	3	40	-50	333
4	3	55	0	333
5	3	55	-50	333
6	1	100	0	333
7	1	120	0	333
8	1	80	-150	333
9	4	50	0	333
10	4	40	0	333
11	4	45	0	333
12	3	45	0	333
13	3	50	-50	333
14	1	90	0	333
15	1	110	-300	333
16	1	100	0	333
17	1	80	-200	333
18	1	120	0	333
19	2	100	0	333
20	2	80	0	333
21	2	110	0	333
22	3	45	0	333
23	3	60	-50	333
24	3	40	-50	333
25	3	55	0	333
26	3	55	-25	333
27	4	45	0	333
28	4	55	0	333
29	1	110	-250	333
30	1	90	-350	333
31	1	110	0	333
32	2	120	0	333
33	4	60	0	333
34	4	40	0	333
35	4	55	0	333
36	3	65	-75	333
37	3	45	0	333
38	3	70	-25	333
39	3	40	0	333
40	4	50	0	333
41	4	60	-250	333
42	4	55	0	333
43	1	130	-350	333
44	1	90	0	333
45	2	90	0	333
46	3	50	-25	333
47	3	60	-75	333
48	3	70	0	333
49	4	40	0	333
50	3	40	-50	333
51	4	60	0	333
52	3	60	0	333
53	4	40	0	333
54	3	65	-25	333
55	2	100	0	333
56	4	45	0	333
57	4	55	0	333
58	4	65	0	333
59	4	70	0	333
60	4	50	0	333
61	1	100	-250	333
62	1	120	-200	333
63	1	110	0	333
64	4	70	-275	333
65	2	90	0	333
66	2	120	0	333
67	2	110	-1250	333
68	2	80	0	333
69	1	90	-300	333
70	2	110	0	333
71	3	55	0	333
72	3	80	-50	333
73	1	130	-150	333
74	1	120	-250	333
75	1	100	0	333
76	4	60	0	333
77	4	55	0	333
78	4	65	0	333
79	4	80	0	333
80	3	40	-25	333
81	3	60	-50	333
82	3	55	0	333
83	2	100	0	333
84	1	120	-250	333
85	2	90	0	333
86	4	40	0	333
87	4	80	0	333
88	4	40	0	333
89	4	65	0	333
90	4	55	-300	333
91	4	60	0	333
92	4	65	0	333
93	4	75	0	333
94	3	65	-25	333
95	3	40	-75	333
96	3	80	-50	333
97	2	130	-1500	333
98	2	120	0	333
99	2	130	0	333
100	1	140	-300	333
1	1	100	0	336
2	1	120	0	336
3	3	50	0	336
4	2	100	0	336
5	4	50	0	336
6	1	80	-150	336
7	2	80	0	336
8	4	40	0	336
9	3	60	0	336
10	3	40	-50	336
11	2	110	0	336
12	4	45	0	336
13	1	90	0	336
14	1	110	-300	336
15	1	100	0	336
16	1	80	-200	336
17	3	55	0	336
18	4	45	0	336
19	4	55	0	336
20	4	60	0	336
21	1	120	0	336
22	3	55	-50	336
23	2	120	0	336
24	1	110	-250	336
25	4	40	0	336
26	3	45	0	336
27	3	50	-50	336
28	1	90	-350	336
29	2	90	0	336
30	2	100	0	336
31	4	55	0	336
32	3	45	0	336
33	4	50	0	336
34	3	60	-50	336
35	2	90	0	336
36	1	110	0	336
37	4	60	-250	336
38	3	40	-50	336
39	1	130	-350	336
40	2	120	0	336
41	2	110	-1250	336
42	3	55	0	336
43	3	55	-25	336
44	4	55	0	336
45	4	40	0	336
46	1	90	0	336
47	1	100	-250	336
48	2	80	0	336
49	1	120	-200	336
50	2	110	0	336
51	2	100	0	336
52	3	65	-75	336
53	4	60	0	336
54	4	40	0	336
55	1	110	0	336
56	4	45	0	336
57	3	45	0	336
58	2	90	0	336
59	4	55	0	336
60	3	70	-25	336
61	2	130	-1500	336
62	3	40	0	336
63	4	65	0	336
64	3	50	-25	336
65	1	90	-300	336
66	4	70	0	336
67	3	60	-75	336
68	4	50	0	336
69	3	70	0	336
70	4	70	-275	336
71	3	40	-50	336
72	1	130	-150	336
73	2	120	0	336
74	3	60	0	336
75	4	60	0	336
76	3	65	-25	336
77	4	55	0	336
78	2	130	0	336
79	4	65	0	336
80	3	55	0	336
81	1	120	-250	336
82	1	100	0	336
83	4	80	0	336
84	3	80	-50	336
85	3	40	-25	336
86	4	40	0	336
87	3	60	-50	336
88	4	80	0	336
89	4	40	0	336
90	3	55	0	336
91	3	65	-25	336
92	4	65	0	336
93	3	40	-75	336
94	4	55	-300	336
95	1	120	-250	336
96	3	80	-50	336
97	3	65	-25	336
98	4	60	0	336
99	3	75	0	336
100	2	110	0	336
1	1	100	0	346
2	2	100	0	346
3	3	50	0	346
4	4	50	0	346
5	3	60	0	346
6	2	80	0	346
7	1	120	0	346
8	3	40	-50	346
9	1	80	-150	346
10	4	40	0	346
11	4	45	0	346
12	2	110	0	346
13	4	45	0	346
14	2	120	0	346
15	3	55	0	346
16	4	55	0	346
17	2	90	0	346
18	3	55	-50	346
19	4	60	0	346
20	2	100	0	346
21	3	45	0	346
22	1	90	0	346
23	2	90	0	346
24	4	40	0	346
25	3	50	-50	346
26	2	120	0	346
27	1	110	-300	346
28	4	55	0	346
29	2	110	-1250	346
30	4	50	0	346
31	3	45	0	346
32	1	100	0	346
33	4	60	-250	346
34	2	80	0	346
35	3	60	-50	346
36	1	80	-200	346
37	2	110	0	346
38	2	100	0	346
39	2	90	0	346
40	4	55	0	346
41	4	40	0	346
42	3	40	-50	346
43	4	60	0	346
44	4	40	0	346
45	4	45	0	346
46	3	55	0	346
47	2	130	-1500	346
48	1	120	0	346
49	1	110	-250	346
50	4	55	0	346
51	4	65	0	346
52	3	55	-25	346
53	4	70	0	346
54	4	50	0	346
55	3	65	-75	346
56	4	70	-275	346
57	2	120	0	346
58	1	90	-350	346
59	2	130	0	346
60	4	60	0	346
61	4	55	0	346
62	4	65	0	346
63	4	80	0	346
64	4	40	0	346
65	2	110	0	346
66	4	80	0	346
67	4	40	0	346
68	4	65	0	346
69	4	55	-300	346
70	3	45	0	346
71	4	60	0	346
72	4	65	0	346
73	4	75	0	346
74	4	60	0	346
75	4	65	0	346
76	4	75	-325	346
77	3	70	-25	346
78	4	85	0	346
79	4	45	0	346
80	4	55	0	346
81	4	70	0	346
82	3	40	0	346
83	4	55	0	346
84	4	70	0	346
85	4	80	0	346
86	4	65	0	346
87	4	70	0	346
88	3	50	-25	346
89	4	80	-350	346
90	3	60	-75	346
91	2	90	0	346
92	4	90	0	346
93	3	70	0	346
94	3	40	-50	346
95	4	50	0	346
96	3	60	0	346
97	3	65	-25	346
98	4	60	0	346
99	4	75	0	346
100	3	55	0	346
1	3	50	0	347
2	1	100	0	347
3	2	100	0	347
4	1	120	0	347
5	3	60	0	347
6	4	50	0	347
7	1	80	-150	347
8	3	40	-50	347
9	1	90	0	347
10	3	55	0	347
11	2	80	0	347
12	4	40	0	347
13	4	45	0	347
14	3	55	-50	347
15	1	110	-300	347
16	1	100	0	347
17	3	45	0	347
18	3	50	-50	347
19	4	45	0	347
20	1	80	-200	347
21	1	120	0	347
22	1	110	-250	347
23	1	90	-350	347
24	3	45	0	347
25	4	55	0	347
26	1	110	0	347
27	2	110	0	347
28	3	60	-50	347
29	4	60	0	347
30	2	120	0	347
31	1	130	-350	347
32	3	40	-50	347
33	2	90	0	347
34	1	90	0	347
35	4	40	0	347
36	2	100	0	347
37	3	55	0	347
38	1	100	-250	347
39	2	90	0	347
40	4	55	0	347
41	3	55	-25	347
42	1	120	-200	347
43	2	120	0	347
44	1	110	0	347
45	2	110	-1250	347
46	3	65	-75	347
47	1	90	-300	347
48	4	50	0	347
49	3	45	0	347
50	1	130	-150	347
51	2	80	0	347
52	3	70	-25	347
53	1	120	-250	347
54	4	60	-250	347
55	3	40	0	347
56	3	50	-25	347
57	2	110	0	347
58	4	55	0	347
59	1	100	0	347
60	1	120	-250	347
61	1	140	-300	347
62	1	110	0	347
63	1	110	-350	347
64	3	60	-75	347
65	4	40	0	347
66	1	100	0	347
67	2	100	0	347
68	4	60	0	347
69	1	120	-200	347
70	2	90	0	347
71	3	70	0	347
72	4	40	0	347
73	1	130	-250	347
74	2	130	-1500	347
75	4	45	0	347
76	1	110	-150	347
77	3	40	-50	347
78	4	55	0	347
79	1	140	-250	347
80	2	120	0	347
81	4	65	0	347
82	3	60	0	347
83	4	70	0	347
84	2	130	0	347
85	3	65	-25	347
86	1	120	0	347
87	4	50	0	347
88	2	110	0	347
89	3	55	0	347
90	1	130	-350	347
91	2	90	0	347
92	4	70	-275	347
93	3	80	-50	347
94	2	100	0	347
95	1	120	-200	347
96	4	60	0	347
97	3	40	-25	347
98	1	140	-250	347
99	2	120	0	347
100	4	55	0	347
