"trial"	"deck"	"gain"	"loss"	"subjID"
1	3	50	0	105
2	3	60	0	105
3	3	40	-50	105
4	1	100	0	105
5	3	55	0	105
6	4	50	0	105
7	1	120	0	105
8	1	80	-150	105
9	3	55	-50	105
10	4	40	0	105
11	4	45	0	105
12	3	45	0	105
13	1	90	0	105
14	4	45	0	105
15	2	100	0	105
16	2	80	0	105
17	1	110	-300	105
18	2	110	0	105
19	2	120	0	105
20	4	55	0	105
21	3	50	-50	105
22	4	60	0	105
23	2	90	0	105
24	2	100	0	105
25	4	40	0	105
26	1	100	0	105
27	2	90	0	105
28	2	120	0	105
29	4	55	0	105
30	1	80	-200	105
31	2	110	-1250	105
32	4	50	0	105
33	4	60	-250	105
34	2	80	0	105
35	1	120	0	105
36	2	110	0	105
37	2	100	0	105
38	1	110	-250	105
39	2	90	0	105
40	4	55	0	105
41	4	40	0	105
42	2	130	-1500	105
43	4	60	0	105
44	4	40	0	105
45	2	120	0	105
46	1	90	-350	105
47	2	130	0	105
48	4	45	0	105
49	2	110	0	105
50	2	90	0	105
51	4	55	0	105
52	2	100	0	105
53	2	120	0	105
54	2	120	-1750	105
55	4	65	0	105
56	3	45	0	105
57	4	70	0	105
58	3	60	-50	105
59	2	110	0	105
60	2	140	0	105
61	4	50	0	105
62	4	70	-275	105
63	1	110	0	105
64	1	130	-350	105
65	2	130	0	105
66	2	100	0	105
67	4	60	0	105
68	2	110	0	105
69	1	90	0	105
70	1	100	-250	105
71	2	120	0	105
72	1	120	-200	105
73	2	120	0	105
74	4	55	0	105
75	4	65	0	105
76	3	40	-50	105
77	4	80	0	105
78	4	40	0	105
79	4	80	0	105
80	4	40	0	105
81	4	65	0	105
82	4	55	-300	105
83	2	140	0	105
84	2	110	0	105
85	1	110	0	105
86	4	60	0	105
87	3	55	0	105
88	1	90	-300	105
89	2	130	0	105
90	4	65	0	105
91	3	55	-25	105
92	4	75	0	105
93	2	140	-2000	105
94	4	60	0	105
95	2	120	0	105
96	4	65	0	105
97	4	75	-325	105
98	1	130	-150	105
99	2	110	0	105
100	2	130	0	105
1	2	100	0	111
2	3	50	0	111
3	2	80	0	111
4	1	100	0	111
5	1	120	0	111
6	4	50	0	111
7	3	60	0	111
8	3	40	-50	111
9	2	110	0	111
10	1	80	-150	111
11	4	40	0	111
12	3	55	0	111
13	3	55	-50	111
14	2	120	0	111
15	4	45	0	111
16	3	45	0	111
17	1	90	0	111
18	1	110	-300	111
19	1	100	0	111
20	2	90	0	111
21	2	100	0	111
22	3	50	-50	111
23	4	45	0	111
24	4	55	0	111
25	4	60	0	111
26	2	90	0	111
27	3	45	0	111
28	1	80	-200	111
29	1	120	0	111
30	4	40	0	111
31	2	120	0	111
32	2	110	-1250	111
33	3	60	-50	111
34	4	55	0	111
35	1	110	-250	111
36	1	90	-350	111
37	2	80	0	111
38	3	40	-50	111
39	3	55	0	111
40	2	110	0	111
41	2	100	0	111
42	4	50	0	111
43	1	110	0	111
44	4	60	-250	111
45	1	130	-350	111
46	2	90	0	111
47	3	55	-25	111
48	2	130	-1500	111
49	3	65	-75	111
50	4	55	0	111
51	4	40	0	111
52	1	90	0	111
53	2	120	0	111
54	2	130	0	111
55	1	100	-250	111
56	1	120	-200	111
57	2	110	0	111
58	3	45	0	111
59	4	60	0	111
60	2	90	0	111
61	3	70	-25	111
62	2	100	0	111
63	1	110	0	111
64	1	90	-300	111
65	4	40	0	111
66	2	120	0	111
67	3	40	0	111
68	1	130	-150	111
69	2	120	-1750	111
70	4	45	0	111
71	4	55	0	111
72	1	120	-250	111
73	2	110	0	111
74	4	65	0	111
75	4	70	0	111
76	1	100	0	111
77	4	50	0	111
78	2	140	0	111
79	4	70	-275	111
80	3	50	-25	111
81	2	130	0	111
82	1	120	-250	111
83	3	60	-75	111
84	4	60	0	111
85	2	100	0	111
86	2	110	0	111
87	1	140	-300	111
88	4	55	0	111
89	3	70	0	111
90	1	110	0	111
91	2	120	0	111
92	4	65	0	111
93	3	40	-50	111
94	2	120	0	111
95	1	110	-350	111
96	4	80	0	111
97	3	60	0	111
98	4	40	0	111
99	2	140	0	111
100	3	65	-25	111
1	2	100	0	133
2	3	50	0	133
3	3	60	0	133
4	3	40	-50	133
5	4	50	0	133
6	4	40	0	133
7	4	45	0	133
8	1	100	0	133
9	4	45	0	133
10	3	55	0	133
11	1	120	0	133
12	4	55	0	133
13	4	60	0	133
14	4	40	0	133
15	2	80	0	133
16	4	55	0	133
17	1	80	-150	133
18	2	110	0	133
19	2	120	0	133
20	2	90	0	133
21	4	50	0	133
22	1	90	0	133
23	1	110	-300	133
24	4	60	-250	133
25	4	55	0	133
26	4	40	0	133
27	4	60	0	133
28	2	100	0	133
29	2	90	0	133
30	2	120	0	133
31	2	110	-1250	133
32	3	55	-50	133
33	1	100	0	133
34	1	80	-200	133
35	2	80	0	133
36	4	40	0	133
37	4	45	0	133
38	4	55	0	133
39	2	110	0	133
40	2	100	0	133
41	3	45	0	133
42	3	50	-50	133
43	4	65	0	133
44	4	70	0	133
45	4	50	0	133
46	4	70	-275	133
47	3	45	0	133
48	3	60	-50	133
49	1	120	0	133
50	2	90	0	133
51	2	130	-1500	133
52	1	110	-250	133
53	1	90	-350	133
54	1	110	0	133
55	1	130	-350	133
56	1	90	0	133
57	1	100	-250	133
58	1	120	-200	133
59	2	120	0	133
60	2	130	0	133
61	4	60	0	133
62	4	55	0	133
63	4	65	0	133
64	4	80	0	133
65	4	40	0	133
66	4	80	0	133
67	4	40	0	133
68	3	40	-50	133
69	4	65	0	133
70	4	55	-300	133
71	1	110	0	133
72	1	90	-300	133
73	1	130	-150	133
74	1	120	-250	133
75	4	60	0	133
76	4	65	0	133
77	3	55	0	133
78	2	110	0	133
79	3	55	-25	133
80	3	65	-75	133
81	3	45	0	133
82	3	70	-25	133
83	3	40	0	133
84	3	50	-25	133
85	3	60	-75	133
86	2	90	0	133
87	2	100	0	133
88	2	120	0	133
89	2	120	-1750	133
90	3	70	0	133
91	3	40	-50	133
92	4	75	0	133
93	4	60	0	133
94	2	110	0	133
95	4	65	0	133
96	2	140	0	133
97	4	75	-325	133
98	2	130	0	133
99	3	60	0	133
100	3	65	-25	133
1	3	50	0	134
2	4	50	0	134
3	3	60	0	134
4	2	100	0	134
5	1	100	0	134
6	2	80	0	134
7	1	120	0	134
8	2	110	0	134
9	1	80	-150	134
10	3	40	-50	134
11	4	40	0	134
12	4	45	0	134
13	4	45	0	134
14	4	55	0	134
15	1	90	0	134
16	4	60	0	134
17	4	40	0	134
18	2	120	0	134
19	2	90	0	134
20	4	55	0	134
21	1	110	-300	134
22	2	100	0	134
23	3	55	0	134
24	3	55	-50	134
25	4	50	0	134
26	4	60	-250	134
27	1	100	0	134
28	1	80	-200	134
29	4	55	0	134
30	4	40	0	134
31	3	45	0	134
32	3	50	-50	134
33	4	60	0	134
34	4	40	0	134
35	1	120	0	134
36	1	110	-250	134
37	3	45	0	134
38	4	45	0	134
39	2	90	0	134
40	2	120	0	134
41	2	110	-1250	134
42	3	60	-50	134
43	2	80	0	134
44	2	110	0	134
45	4	55	0	134
46	4	65	0	134
47	3	40	-50	134
48	1	90	-350	134
49	4	70	0	134
50	4	50	0	134
51	4	70	-275	134
52	3	55	0	134
53	3	55	-25	134
54	2	100	0	134
55	2	90	0	134
56	4	60	0	134
57	2	130	-1500	134
58	3	65	-75	134
59	4	55	0	134
60	1	110	0	134
61	2	120	0	134
62	4	65	0	134
63	3	45	0	134
64	3	70	-25	134
65	2	130	0	134
66	2	110	0	134
67	2	90	0	134
68	4	80	0	134
69	3	40	0	134
70	1	130	-350	134
71	2	100	0	134
72	2	120	0	134
73	3	50	-25	134
74	4	40	0	134
75	4	80	0	134
76	2	120	-1750	134
77	4	40	0	134
78	3	60	-75	134
79	4	65	0	134
80	4	55	-300	134
81	3	70	0	134
82	3	40	-50	134
83	3	60	0	134
84	3	65	-25	134
85	4	60	0	134
86	4	65	0	134
87	4	75	0	134
88	4	60	0	134
89	4	65	0	134
90	1	90	0	134
91	1	100	-250	134
92	2	110	0	134
93	1	120	-200	134
94	2	140	0	134
95	4	75	-325	134
96	4	85	0	134
97	4	45	0	134
98	3	55	0	134
99	2	130	0	134
100	2	100	0	134
1	2	100	0	136
2	3	50	0	136
3	1	100	0	136
4	3	60	0	136
5	3	40	-50	136
6	4	50	0	136
7	1	120	0	136
8	1	80	-150	136
9	3	55	0	136
10	2	80	0	136
11	2	110	0	136
12	4	40	0	136
13	3	55	-50	136
14	1	90	0	136
15	4	45	0	136
16	4	45	0	136
17	3	45	0	136
18	4	55	0	136
19	1	110	-300	136
20	1	100	0	136
21	1	80	-200	136
22	3	50	-50	136
23	1	120	0	136
24	4	60	0	136
25	4	40	0	136
26	2	120	0	136
27	1	110	-250	136
28	1	90	-350	136
29	4	55	0	136
30	3	45	0	136
31	4	50	0	136
32	2	90	0	136
33	4	60	-250	136
34	1	110	0	136
35	3	60	-50	136
36	2	100	0	136
37	2	90	0	136
38	4	55	0	136
39	2	120	0	136
40	1	130	-350	136
41	2	110	-1250	136
42	1	90	0	136
43	1	100	-250	136
44	4	40	0	136
45	1	120	-200	136
46	3	40	-50	136
47	2	80	0	136
48	2	110	0	136
49	1	110	0	136
50	4	60	0	136
51	3	55	0	136
52	4	40	0	136
53	2	100	0	136
54	2	90	0	136
55	1	90	-300	136
56	1	130	-150	136
57	3	55	-25	136
58	4	45	0	136
59	1	120	-250	136
60	1	100	0	136
61	1	120	-250	136
62	3	65	-75	136
63	2	130	-1500	136
64	1	140	-300	136
65	1	110	0	136
66	1	110	-350	136
67	4	55	0	136
68	3	45	0	136
69	2	120	0	136
70	4	65	0	136
71	1	100	0	136
72	2	130	0	136
73	3	70	-25	136
74	4	70	0	136
75	4	50	0	136
76	1	120	-200	136
77	2	110	0	136
78	3	40	0	136
79	4	70	-275	136
80	1	130	-250	136
81	2	90	0	136
82	3	50	-25	136
83	2	100	0	136
84	4	60	0	136
85	1	110	-150	136
86	4	55	0	136
87	2	120	0	136
88	3	60	-75	136
89	1	140	-250	136
90	4	65	0	136
91	1	120	0	136
92	4	80	0	136
93	3	70	0	136
94	2	120	-1750	136
95	4	40	0	136
96	1	130	-350	136
97	1	120	-200	136
98	1	140	-250	136
99	1	130	-250	136
100	3	40	-50	136
1	2	100	0	138
2	3	50	0	138
3	1	100	0	138
4	4	50	0	138
5	1	120	0	138
6	4	40	0	138
7	2	80	0	138
8	2	110	0	138
9	1	80	-150	138
10	3	60	0	138
11	4	45	0	138
12	1	90	0	138
13	2	120	0	138
14	4	45	0	138
15	2	90	0	138
16	2	100	0	138
17	1	110	-300	138
18	3	40	-50	138
19	2	90	0	138
20	4	55	0	138
21	1	100	0	138
22	3	55	0	138
23	2	120	0	138
24	4	60	0	138
25	1	80	-200	138
26	2	110	-1250	138
27	3	55	-50	138
28	2	80	0	138
29	1	120	0	138
30	3	45	0	138
31	4	40	0	138
32	1	110	-250	138
33	3	50	-50	138
34	4	55	0	138
35	2	110	0	138
36	3	45	0	138
37	1	90	-350	138
38	3	60	-50	138
39	2	100	0	138
40	2	90	0	138
41	1	110	0	138
42	1	130	-350	138
43	3	40	-50	138
44	4	50	0	138
45	3	55	0	138
46	1	90	0	138
47	2	130	-1500	138
48	3	55	-25	138
49	2	120	0	138
50	1	100	-250	138
51	3	65	-75	138
52	2	130	0	138
53	1	120	-200	138
54	4	60	-250	138
55	2	110	0	138
56	3	45	0	138
57	1	110	0	138
58	4	55	0	138
59	2	90	0	138
60	3	70	-25	138
61	1	90	-300	138
62	2	100	0	138
63	3	40	0	138
64	4	40	0	138
65	2	120	0	138
66	3	50	-25	138
67	2	120	-1750	138
68	2	110	0	138
69	1	130	-150	138
70	2	140	0	138
71	3	60	-75	138
72	2	130	0	138
73	4	60	0	138
74	1	120	-250	138
75	2	100	0	138
76	1	100	0	138
77	3	70	0	138
78	4	40	0	138
79	2	110	0	138
80	1	120	-250	138
81	2	120	0	138
82	3	40	-50	138
83	4	45	0	138
84	2	120	0	138
85	3	60	0	138
86	2	140	0	138
87	4	55	0	138
88	2	110	0	138
89	3	65	-25	138
90	1	140	-300	138
91	2	130	0	138
92	3	55	0	138
93	4	65	0	138
94	2	140	-2000	138
95	3	80	-50	138
96	2	120	0	138
97	4	70	0	138
98	2	110	0	138
99	3	40	-25	138
100	2	130	0	138
1	1	100	0	147
2	2	100	0	147
3	3	50	0	147
4	4	50	0	147
5	2	80	0	147
6	2	110	0	147
7	3	60	0	147
8	3	40	-50	147
9	2	120	0	147
10	2	90	0	147
11	2	100	0	147
12	2	90	0	147
13	2	120	0	147
14	2	110	-1250	147
15	2	80	0	147
16	2	110	0	147
17	2	100	0	147
18	2	90	0	147
19	2	130	-1500	147
20	2	120	0	147
21	2	130	0	147
22	2	110	0	147
23	2	90	0	147
24	1	120	0	147
25	1	80	-150	147
26	1	90	0	147
27	1	110	-300	147
28	3	55	0	147
29	3	55	-50	147
30	4	40	0	147
31	4	45	0	147
32	4	45	0	147
33	4	55	0	147
34	4	60	0	147
35	4	40	0	147
36	4	55	0	147
37	4	50	0	147
38	4	60	-250	147
39	3	45	0	147
40	3	50	-50	147
41	3	45	0	147
42	2	100	0	147
43	2	120	0	147
44	2	120	-1750	147
45	3	60	-50	147
46	1	100	0	147
47	1	80	-200	147
48	4	55	0	147
49	4	40	0	147
50	4	60	0	147
51	1	120	0	147
52	2	110	0	147
53	3	40	-50	147
54	4	40	0	147
55	3	55	0	147
56	2	140	0	147
57	3	55	-25	147
58	2	130	0	147
59	1	110	-250	147
60	2	100	0	147
61	3	65	-75	147
62	2	110	0	147
63	3	45	0	147
64	2	120	0	147
65	1	90	-350	147
66	3	70	-25	147
67	2	120	0	147
68	2	140	0	147
69	1	110	0	147
70	2	110	0	147
71	2	130	0	147
72	3	40	0	147
73	3	50	-25	147
74	1	130	-350	147
75	2	140	-2000	147
76	3	60	-75	147
77	4	45	0	147
78	1	90	0	147
79	2	120	0	147
80	2	110	0	147
81	3	70	0	147
82	3	40	-50	147
83	2	130	0	147
84	2	150	0	147
85	1	100	-250	147
86	4	55	0	147
87	1	120	-200	147
88	4	65	0	147
89	3	60	0	147
90	2	110	0	147
91	1	110	0	147
92	3	65	-25	147
93	2	150	0	147
94	1	90	-300	147
95	4	70	0	147
96	3	55	0	147
97	2	120	0	147
98	1	130	-150	147
99	2	140	0	147
100	3	80	-50	147
1	1	100	0	148
2	2	100	0	148
3	4	50	0	148
4	1	120	0	148
5	2	80	0	148
6	2	110	0	148
7	2	120	0	148
8	1	80	-150	148
9	4	40	0	148
10	2	90	0	148
11	3	50	0	148
12	3	60	0	148
13	4	45	0	148
14	4	45	0	148
15	1	90	0	148
16	2	100	0	148
17	2	90	0	148
18	2	120	0	148
19	4	55	0	148
20	4	60	0	148
21	1	110	-300	148
22	2	110	-1250	148
23	4	40	0	148
24	4	55	0	148
25	2	80	0	148
26	1	100	0	148
27	2	110	0	148
28	2	100	0	148
29	4	50	0	148
30	4	60	-250	148
31	3	40	-50	148
32	4	55	0	148
33	1	80	-200	148
34	3	55	0	148
35	2	90	0	148
36	4	40	0	148
37	1	120	0	148
38	3	55	-50	148
39	2	130	-1500	148
40	4	60	0	148
41	2	120	0	148
42	1	110	-250	148
43	2	130	0	148
44	4	40	0	148
45	3	45	0	148
46	2	110	0	148
47	1	90	-350	148
48	4	45	0	148
49	2	90	0	148
50	3	50	-50	148
51	1	110	0	148
52	3	45	0	148
53	2	100	0	148
54	4	55	0	148
55	1	130	-350	148
56	3	60	-50	148
57	2	120	0	148
58	4	65	0	148
59	1	90	0	148
60	3	40	-50	148
61	4	70	0	148
62	1	100	-250	148
63	2	120	-1750	148
64	3	55	0	148
65	2	110	0	148
66	1	120	-200	148
67	4	50	0	148
68	3	55	-25	148
69	4	70	-275	148
70	2	140	0	148
71	1	110	0	148
72	2	130	0	148
73	1	90	-300	148
74	2	100	0	148
75	1	130	-150	148
76	1	120	-250	148
77	2	110	0	148
78	4	60	0	148
79	2	120	0	148
80	4	55	0	148
81	2	120	0	148
82	4	65	0	148
83	3	65	-75	148
84	2	140	0	148
85	4	80	0	148
86	2	110	0	148
87	4	40	0	148
88	2	130	0	148
89	1	100	0	148
90	2	140	-2000	148
91	2	120	0	148
92	4	80	0	148
93	3	45	0	148
94	1	120	-250	148
95	2	110	0	148
96	1	140	-300	148
97	2	130	0	148
98	4	40	0	148
99	2	150	0	148
100	4	65	0	148
1	2	100	0	156
2	4	50	0	156
3	3	50	0	156
4	1	100	0	156
5	2	80	0	156
6	3	60	0	156
7	1	120	0	156
8	4	40	0	156
9	1	80	-150	156
10	2	110	0	156
11	3	40	-50	156
12	2	120	0	156
13	4	45	0	156
14	1	90	0	156
15	3	55	0	156
16	4	45	0	156
17	1	110	-300	156
18	2	90	0	156
19	3	55	-50	156
20	1	100	0	156
21	4	55	0	156
22	2	100	0	156
23	3	45	0	156
24	4	60	0	156
25	3	50	-50	156
26	1	80	-200	156
27	2	90	0	156
28	2	120	0	156
29	3	45	0	156
30	2	110	-1250	156
31	4	40	0	156
32	2	80	0	156
33	3	60	-50	156
34	1	120	0	156
35	2	110	0	156
36	4	55	0	156
37	3	40	-50	156
38	2	100	0	156
39	4	50	0	156
40	2	90	0	156
41	4	60	-250	156
42	1	110	-250	156
43	2	130	-1500	156
44	3	55	0	156
45	2	120	0	156
46	4	55	0	156
47	2	130	0	156
48	3	55	-25	156
49	1	90	-350	156
50	2	110	0	156
51	4	40	0	156
52	3	65	-75	156
53	2	90	0	156
54	4	60	0	156
55	2	100	0	156
56	4	40	0	156
57	2	120	0	156
58	4	45	0	156
59	1	110	0	156
60	2	120	-1750	156
61	3	45	0	156
62	2	110	0	156
63	4	55	0	156
64	2	140	0	156
65	3	70	-25	156
66	1	130	-350	156
67	2	130	0	156
68	4	65	0	156
69	3	40	0	156
70	2	100	0	156
71	4	70	0	156
72	2	110	0	156
73	4	50	0	156
74	2	120	0	156
75	4	70	-275	156
76	2	120	0	156
77	3	50	-25	156
78	2	140	0	156
79	1	90	0	156
80	4	60	0	156
81	2	110	0	156
82	3	60	-75	156
83	2	130	0	156
84	2	140	-2000	156
85	4	55	0	156
86	2	120	0	156
87	4	65	0	156
88	2	110	0	156
89	1	100	-250	156
90	2	130	0	156
91	4	80	0	156
92	2	150	0	156
93	2	110	0	156
94	4	40	0	156
95	2	150	0	156
96	4	80	0	156
97	2	120	0	156
98	4	40	0	156
99	2	140	0	156
100	4	65	0	156
1	3	50	0	158
2	3	60	0	158
3	1	100	0	158
4	3	40	-50	158
5	4	50	0	158
6	4	40	0	158
7	2	100	0	158
8	4	45	0	158
9	3	55	0	158
10	3	55	-50	158
11	1	120	0	158
12	1	80	-150	158
13	4	45	0	158
14	4	55	0	158
15	1	90	0	158
16	2	80	0	158
17	3	45	0	158
18	1	110	-300	158
19	1	100	0	158
20	4	60	0	158
21	4	40	0	158
22	2	110	0	158
23	1	80	-200	158
24	3	50	-50	158
25	4	55	0	158
26	4	50	0	158
27	1	120	0	158
28	2	120	0	158
29	2	90	0	158
30	3	45	0	158
31	3	60	-50	158
32	1	110	-250	158
33	1	90	-350	158
34	2	100	0	158
35	4	60	-250	158
36	3	40	-50	158
37	1	110	0	158
38	1	130	-350	158
39	2	90	0	158
40	2	120	0	158
41	3	55	0	158
42	3	55	-25	158
43	1	90	0	158
44	3	65	-75	158
45	3	45	0	158
46	2	110	-1250	158
47	4	55	0	158
48	4	40	0	158
49	1	100	-250	158
50	2	80	0	158
51	2	110	0	158
52	3	70	-25	158
53	4	60	0	158
54	4	40	0	158
55	4	45	0	158
56	2	100	0	158
57	4	55	0	158
58	3	40	0	158
59	3	50	-25	158
60	1	120	-200	158
61	2	90	0	158
62	2	130	-1500	158
63	3	60	-75	158
64	3	70	0	158
65	3	40	-50	158
66	2	120	0	158
67	2	130	0	158
68	1	110	0	158
69	3	60	0	158
70	4	65	0	158
71	3	65	-25	158
72	3	55	0	158
73	2	110	0	158
74	3	80	-50	158
75	3	40	-25	158
76	4	70	0	158
77	3	60	-50	158
78	3	55	0	158
79	1	90	-300	158
80	2	90	0	158
81	2	100	0	158
82	3	65	-25	158
83	3	40	-75	158
84	4	50	0	158
85	2	120	0	158
86	3	80	-50	158
87	4	70	-275	158
88	1	130	-150	158
89	2	120	-1750	158
90	3	65	-25	158
91	3	75	0	158
92	4	60	0	158
93	4	55	0	158
94	2	110	0	158
95	3	55	-25	158
96	1	120	-250	158
97	2	140	0	158
98	3	60	-25	158
99	2	130	0	158
100	1	100	0	158
1	3	50	0	159
2	2	100	0	159
3	4	50	0	159
4	2	80	0	159
5	3	60	0	159
6	1	100	0	159
7	2	110	0	159
8	4	40	0	159
9	1	120	0	159
10	3	40	-50	159
11	2	120	0	159
12	4	45	0	159
13	1	80	-150	159
14	3	55	0	159
15	1	90	0	159
16	4	45	0	159
17	2	90	0	159
18	1	110	-300	159
19	2	100	0	159
20	3	55	-50	159
21	4	55	0	159
22	1	100	0	159
23	2	90	0	159
24	2	120	0	159
25	4	60	0	159
26	1	80	-200	159
27	2	110	-1250	159
28	3	45	0	159
29	2	80	0	159
30	1	120	0	159
31	4	40	0	159
32	3	50	-50	159
33	1	110	-250	159
34	1	90	-350	159
35	1	110	0	159
36	2	110	0	159
37	4	55	0	159
38	3	45	0	159
39	1	130	-350	159
40	3	60	-50	159
41	2	100	0	159
42	4	50	0	159
43	2	90	0	159
44	4	60	-250	159
45	3	40	-50	159
46	1	90	0	159
47	1	100	-250	159
48	2	130	-1500	159
49	2	120	0	159
50	3	55	0	159
51	3	55	-25	159
52	3	65	-75	159
53	1	120	-200	159
54	2	130	0	159
55	4	55	0	159
56	4	40	0	159
57	3	45	0	159
58	2	110	0	159
59	1	110	0	159
60	1	90	-300	159
61	2	90	0	159
62	3	70	-25	159
63	4	60	0	159
64	4	40	0	159
65	1	130	-150	159
66	1	120	-250	159
67	2	100	0	159
68	3	40	0	159
69	4	45	0	159
70	1	100	0	159
71	2	120	0	159
72	4	55	0	159
73	1	120	-250	159
74	2	120	-1750	159
75	3	50	-25	159
76	4	65	0	159
77	1	140	-300	159
78	2	110	0	159
79	3	60	-75	159
80	1	110	0	159
81	1	110	-350	159
82	4	70	0	159
83	2	140	0	159
84	3	70	0	159
85	1	100	0	159
86	4	50	0	159
87	2	130	0	159
88	2	100	0	159
89	1	120	-200	159
90	3	40	-50	159
91	2	110	0	159
92	2	120	0	159
93	4	70	-275	159
94	1	130	-250	159
95	1	110	-150	159
96	2	120	0	159
97	3	60	0	159
98	4	60	0	159
99	1	140	-250	159
100	2	140	0	159
1	2	100	0	162
2	1	100	0	162
3	3	50	0	162
4	2	80	0	162
5	4	50	0	162
6	1	120	0	162
7	1	80	-150	162
8	2	110	0	162
9	3	60	0	162
10	1	90	0	162
11	4	40	0	162
12	2	120	0	162
13	3	40	-50	162
14	1	110	-300	162
15	3	55	0	162
16	2	90	0	162
17	4	45	0	162
18	1	100	0	162
19	2	100	0	162
20	3	55	-50	162
21	1	80	-200	162
22	2	90	0	162
23	4	45	0	162
24	3	45	0	162
25	2	120	0	162
26	4	55	0	162
27	3	50	-50	162
28	1	120	0	162
29	2	110	-1250	162
30	3	45	0	162
31	1	110	-250	162
32	2	80	0	162
33	4	60	0	162
34	3	60	-50	162
35	2	110	0	162
36	1	90	-350	162
37	2	100	0	162
38	4	40	0	162
39	2	90	0	162
40	3	40	-50	162
41	2	130	-1500	162
42	2	120	0	162
43	1	110	0	162
44	3	55	0	162
45	2	130	0	162
46	1	130	-350	162
47	2	110	0	162
48	4	55	0	162
49	3	55	-25	162
50	2	90	0	162
51	2	100	0	162
52	2	120	0	162
53	2	120	-1750	162
54	2	110	0	162
55	3	65	-75	162
56	1	90	0	162
57	4	50	0	162
58	1	100	-250	162
59	1	120	-200	162
60	3	45	0	162
61	2	140	0	162
62	4	60	-250	162
63	2	130	0	162
64	1	110	0	162
65	1	90	-300	162
66	2	100	0	162
67	3	70	-25	162
68	2	110	0	162
69	4	55	0	162
70	4	40	0	162
71	2	120	0	162
72	4	60	0	162
73	4	40	0	162
74	2	120	0	162
75	2	140	0	162
76	4	45	0	162
77	4	55	0	162
78	2	110	0	162
79	2	130	0	162
80	4	65	0	162
81	2	140	-2000	162
82	2	120	0	162
83	2	110	0	162
84	3	40	0	162
85	1	130	-150	162
86	3	50	-25	162
87	2	130	0	162
88	2	150	0	162
89	1	120	-250	162
90	2	110	0	162
91	2	150	0	162
92	4	70	0	162
93	4	50	0	162
94	2	120	0	162
95	2	140	0	162
96	4	70	-275	162
97	2	140	0	162
98	2	150	0	162
99	4	60	0	162
100	2	130	0	162
1	2	100	0	163
2	2	80	0	163
3	2	110	0	163
4	2	120	0	163
5	1	100	0	163
6	1	120	0	163
7	3	50	0	163
8	3	60	0	163
9	1	80	-150	163
10	2	90	0	163
11	2	100	0	163
12	2	90	0	163
13	4	50	0	163
14	2	120	0	163
15	2	110	-1250	163
16	2	80	0	163
17	2	110	0	163
18	2	100	0	163
19	2	90	0	163
20	4	40	0	163
21	4	45	0	163
22	2	130	-1500	163
23	3	40	-50	163
24	2	120	0	163
25	2	130	0	163
26	2	110	0	163
27	2	90	0	163
28	2	100	0	163
29	2	120	0	163
30	2	120	-1750	163
31	1	90	0	163
32	2	110	0	163
33	3	55	0	163
34	4	45	0	163
35	1	110	-300	163
36	1	100	0	163
37	2	140	0	163
38	3	55	-50	163
39	4	55	0	163
40	1	80	-200	163
41	2	130	0	163
42	2	100	0	163
43	2	110	0	163
44	2	120	0	163
45	2	120	0	163
46	2	140	0	163
47	2	110	0	163
48	2	130	0	163
49	3	45	0	163
50	3	50	-50	163
51	3	45	0	163
52	3	60	-50	163
53	3	40	-50	163
54	3	55	0	163
55	3	55	-25	163
56	4	60	0	163
57	1	120	0	163
58	2	140	-2000	163
59	2	120	0	163
60	3	65	-75	163
61	3	45	0	163
62	3	70	-25	163
63	4	40	0	163
64	1	110	-250	163
65	2	110	0	163
66	3	40	0	163
67	4	55	0	163
68	2	130	0	163
69	2	150	0	163
70	2	110	0	163
71	2	150	0	163
72	2	120	0	163
73	2	140	0	163
74	1	90	-350	163
75	2	140	0	163
76	3	50	-25	163
77	4	50	0	163
78	1	110	0	163
79	1	130	-350	163
80	2	150	0	163
81	3	60	-75	163
82	4	60	-250	163
83	1	90	0	163
84	2	130	0	163
85	2	120	0	163
86	3	70	0	163
87	4	55	0	163
88	1	100	-250	163
89	1	120	-200	163
90	2	140	0	163
91	2	160	-2250	163
92	2	120	0	163
93	2	160	0	163
94	3	40	-50	163
95	4	40	0	163
96	1	110	0	163
97	1	90	-300	163
98	2	130	0	163
99	2	150	0	163
100	2	150	0	163
1	2	100	0	164
2	2	80	0	164
3	2	110	0	164
4	4	50	0	164
5	1	100	0	164
6	1	120	0	164
7	1	80	-150	164
8	1	90	0	164
9	1	110	-300	164
10	1	100	0	164
11	1	80	-200	164
12	3	50	0	164
13	3	60	0	164
14	3	40	-50	164
15	4	40	0	164
16	2	120	0	164
17	2	90	0	164
18	4	45	0	164
19	3	55	0	164
20	3	55	-50	164
21	4	45	0	164
22	4	55	0	164
23	4	60	0	164
24	4	40	0	164
25	4	55	0	164
26	4	50	0	164
27	4	60	-250	164
28	4	55	0	164
29	4	40	0	164
30	4	60	0	164
31	4	40	0	164
32	4	45	0	164
33	4	55	0	164
34	2	100	0	164
35	3	45	0	164
36	3	50	-50	164
37	3	45	0	164
38	3	60	-50	164
39	3	40	-50	164
40	3	55	0	164
41	3	55	-25	164
42	3	65	-75	164
43	3	45	0	164
44	3	70	-25	164
45	3	40	0	164
46	3	50	-25	164
47	3	60	-75	164
48	3	70	0	164
49	3	40	-50	164
50	3	60	0	164
51	3	65	-25	164
52	3	55	0	164
53	3	80	-50	164
54	3	40	-25	164
55	2	90	0	164
56	3	60	-50	164
57	3	55	0	164
58	4	65	0	164
59	3	65	-25	164
60	4	70	0	164
61	4	50	0	164
62	2	120	0	164
63	3	40	-75	164
64	3	80	-50	164
65	3	65	-25	164
66	4	70	-275	164
67	2	110	-1250	164
68	2	80	0	164
69	2	110	0	164
70	2	100	0	164
71	2	90	0	164
72	2	130	-1500	164
73	3	75	0	164
74	3	55	-25	164
75	3	60	-25	164
76	1	120	0	164
77	1	110	-250	164
78	1	90	-350	164
79	4	60	0	164
80	3	70	-25	164
81	3	65	0	164
82	3	55	-75	164
83	4	55	0	164
84	4	65	0	164
85	3	75	-25	164
86	3	45	-50	164
87	4	80	0	164
88	4	40	0	164
89	3	85	-75	164
90	3	70	-25	164
91	3	80	0	164
92	4	80	0	164
93	4	40	0	164
94	3	60	-25	164
95	3	65	-25	164
96	3	75	-25	164
97	3	70	-25	164
98	3	60	-75	164
99	4	65	0	164
100	4	55	-300	164
1	1	100	0	167
2	2	100	0	167
3	3	50	0	167
4	4	50	0	167
5	1	120	0	167
6	2	80	0	167
7	1	80	-150	167
8	2	110	0	167
9	2	120	0	167
10	2	90	0	167
11	2	100	0	167
12	2	90	0	167
13	2	120	0	167
14	2	110	-1250	167
15	2	80	0	167
16	2	110	0	167
17	2	100	0	167
18	2	90	0	167
19	2	130	-1500	167
20	4	40	0	167
21	4	45	0	167
22	2	120	0	167
23	2	130	0	167
24	2	110	0	167
25	1	90	0	167
26	1	110	-300	167
27	1	100	0	167
28	1	80	-200	167
29	1	120	0	167
30	1	110	-250	167
31	1	90	-350	167
32	1	110	0	167
33	1	130	-350	167
34	4	45	0	167
35	4	55	0	167
36	1	90	0	167
37	2	90	0	167
38	4	60	0	167
39	4	40	0	167
40	4	55	0	167
41	4	50	0	167
42	4	60	-250	167
43	4	55	0	167
44	4	40	0	167
45	3	60	0	167
46	3	40	-50	167
47	3	55	0	167
48	3	55	-50	167
49	3	45	0	167
50	3	50	-50	167
51	3	45	0	167
52	3	60	-50	167
53	3	40	-50	167
54	3	55	0	167
55	3	55	-25	167
56	3	65	-75	167
57	3	45	0	167
58	3	70	-25	167
59	3	40	0	167
60	3	50	-25	167
61	3	60	-75	167
62	3	70	0	167
63	4	60	0	167
64	3	40	-50	167
65	3	60	0	167
66	3	65	-25	167
67	3	55	0	167
68	3	80	-50	167
69	3	40	-25	167
70	3	60	-50	167
71	3	55	0	167
72	3	65	-25	167
73	3	40	-75	167
74	3	80	-50	167
75	3	65	-25	167
76	3	75	0	167
77	3	55	-25	167
78	3	60	-25	167
79	3	70	-25	167
80	3	65	0	167
81	3	55	-75	167
82	3	75	-25	167
83	3	45	-50	167
84	3	85	-75	167
85	3	70	-25	167
86	3	80	0	167
87	3	60	-25	167
88	3	65	-25	167
89	3	75	-25	167
90	3	70	-25	167
91	3	60	-75	167
92	3	80	-25	167
93	3	50	-50	167
94	3	90	-75	167
95	3	75	-25	167
96	3	85	-25	167
97	3	65	-25	167
98	3	70	-25	167
99	3	80	-25	167
100	3	75	-25	167
1	2	100	0	170
2	2	80	0	170
3	2	110	0	170
4	2	120	0	170
5	2	90	0	170
6	2	100	0	170
7	2	90	0	170
8	2	120	0	170
9	2	110	-1250	170
10	2	80	0	170
11	2	110	0	170
12	2	100	0	170
13	1	100	0	170
14	3	50	0	170
15	4	50	0	170
16	4	40	0	170
17	4	45	0	170
18	3	60	0	170
19	1	120	0	170
20	1	80	-150	170
21	1	90	0	170
22	1	110	-300	170
23	2	90	0	170
24	3	40	-50	170
25	4	45	0	170
26	1	100	0	170
27	1	80	-200	170
28	2	130	-1500	170
29	1	120	0	170
30	1	110	-250	170
31	2	120	0	170
32	2	130	0	170
33	2	110	0	170
34	2	90	0	170
35	2	100	0	170
36	2	120	0	170
37	2	120	-1750	170
38	2	110	0	170
39	2	140	0	170
40	2	130	0	170
41	2	100	0	170
42	2	110	0	170
43	1	90	-350	170
44	3	55	0	170
45	2	120	0	170
46	3	55	-50	170
47	1	110	0	170
48	1	130	-350	170
49	1	90	0	170
50	1	100	-250	170
51	1	120	-200	170
52	1	110	0	170
53	2	120	0	170
54	2	140	0	170
55	2	110	0	170
56	2	130	0	170
57	3	45	0	170
58	3	50	-50	170
59	4	55	0	170
60	4	60	0	170
61	4	40	0	170
62	1	90	-300	170
63	4	55	0	170
64	4	50	0	170
65	4	60	-250	170
66	4	55	0	170
67	4	40	0	170
68	2	140	-2000	170
69	1	130	-150	170
70	2	120	0	170
71	2	110	0	170
72	2	130	0	170
73	2	150	0	170
74	3	45	0	170
75	3	60	-50	170
76	2	110	0	170
77	2	150	0	170
78	2	120	0	170
79	3	40	-50	170
80	2	140	0	170
81	2	140	0	170
82	2	150	0	170
83	3	55	0	170
84	2	130	0	170
85	2	120	0	170
86	3	55	-25	170
87	2	140	0	170
88	2	160	-2250	170
89	2	120	0	170
90	1	120	-250	170
91	2	160	0	170
92	2	130	0	170
93	2	150	0	170
94	2	150	0	170
95	2	160	0	170
96	3	65	-75	170
97	2	140	0	170
98	2	130	0	170
99	3	45	0	170
100	1	100	0	170
1	1	100	0	172
2	2	100	0	172
3	3	50	0	172
4	4	50	0	172
5	1	120	0	172
6	1	80	-150	172
7	2	80	0	172
8	2	110	0	172
9	1	90	0	172
10	2	120	0	172
11	2	90	0	172
12	2	100	0	172
13	2	90	0	172
14	2	120	0	172
15	1	110	-300	172
16	2	110	-1250	172
17	1	100	0	172
18	2	80	0	172
19	1	80	-200	172
20	3	60	0	172
21	4	40	0	172
22	1	120	0	172
23	2	110	0	172
24	4	45	0	172
25	3	40	-50	172
26	1	110	-250	172
27	2	100	0	172
28	2	90	0	172
29	1	90	-350	172
30	2	130	-1500	172
31	1	110	0	172
32	2	120	0	172
33	1	130	-350	172
34	2	130	0	172
35	3	55	0	172
36	4	45	0	172
37	1	90	0	172
38	2	110	0	172
39	1	100	-250	172
40	2	90	0	172
41	4	55	0	172
42	3	55	-50	172
43	4	60	0	172
44	4	40	0	172
45	4	55	0	172
46	4	50	0	172
47	4	60	-250	172
48	3	45	0	172
49	4	55	0	172
50	1	120	-200	172
51	2	100	0	172
52	4	40	0	172
53	3	50	-50	172
54	2	120	0	172
55	4	60	0	172
56	4	40	0	172
57	2	120	-1750	172
58	4	45	0	172
59	1	110	0	172
60	4	55	0	172
61	4	65	0	172
62	4	70	0	172
63	4	50	0	172
64	4	70	-275	172
65	2	110	0	172
66	4	60	0	172
67	4	55	0	172
68	2	140	0	172
69	4	65	0	172
70	4	80	0	172
71	4	40	0	172
72	4	80	0	172
73	4	40	0	172
74	1	90	-300	172
75	2	130	0	172
76	2	100	0	172
77	4	65	0	172
78	4	55	-300	172
79	2	110	0	172
80	2	120	0	172
81	4	60	0	172
82	4	65	0	172
83	4	75	0	172
84	1	130	-150	172
85	2	120	0	172
86	2	140	0	172
87	4	60	0	172
88	4	65	0	172
89	4	75	-325	172
90	2	110	0	172
91	2	130	0	172
92	4	85	0	172
93	4	45	0	172
94	4	55	0	172
95	4	70	0	172
96	2	140	-2000	172
97	2	120	0	172
98	2	110	0	172
99	2	130	0	172
100	2	150	0	172
1	3	50	0	175
2	2	100	0	175
3	4	50	0	175
4	1	100	0	175
5	2	80	0	175
6	4	40	0	175
7	3	60	0	175
8	2	110	0	175
9	2	120	0	175
10	1	120	0	175
11	2	90	0	175
12	3	40	-50	175
13	4	45	0	175
14	2	100	0	175
15	2	90	0	175
16	2	120	0	175
17	1	80	-150	175
18	2	110	-1250	175
19	4	45	0	175
20	3	55	0	175
21	2	80	0	175
22	1	90	0	175
23	2	110	0	175
24	2	100	0	175
25	4	55	0	175
26	4	60	0	175
27	2	90	0	175
28	2	130	-1500	175
29	4	40	0	175
30	4	55	0	175
31	3	55	-50	175
32	1	110	-300	175
33	2	120	0	175
34	2	130	0	175
35	3	45	0	175
36	4	50	0	175
37	3	50	-50	175
38	2	110	0	175
39	1	100	0	175
40	4	60	-250	175
41	4	55	0	175
42	3	45	0	175
43	2	90	0	175
44	1	80	-200	175
45	4	40	0	175
46	2	100	0	175
47	3	60	-50	175
48	1	120	0	175
49	4	60	0	175
50	4	40	0	175
51	1	110	-250	175
52	2	120	0	175
53	4	45	0	175
54	3	40	-50	175
55	4	55	0	175
56	1	90	-350	175
57	2	120	-1750	175
58	3	55	0	175
59	4	65	0	175
60	4	70	0	175
61	2	110	0	175
62	3	55	-25	175
63	1	110	0	175
64	2	140	0	175
65	3	65	-75	175
66	4	50	0	175
67	1	130	-350	175
68	1	90	0	175
69	1	100	-250	175
70	2	130	0	175
71	2	100	0	175
72	2	110	0	175
73	4	70	-275	175
74	2	120	0	175
75	3	45	0	175
76	4	60	0	175
77	1	120	-200	175
78	2	120	0	175
79	1	110	0	175
80	1	90	-300	175
81	2	140	0	175
82	4	55	0	175
83	3	70	-25	175
84	2	110	0	175
85	2	130	0	175
86	1	130	-150	175
87	1	120	-250	175
88	1	100	0	175
89	2	140	-2000	175
90	3	40	0	175
91	4	65	0	175
92	2	120	0	175
93	2	110	0	175
94	2	130	0	175
95	2	150	0	175
96	2	110	0	175
97	1	120	-250	175
98	1	140	-300	175
99	4	80	0	175
100	3	50	-25	175
1	4	50	0	177
2	4	40	0	177
3	2	100	0	177
4	1	100	0	177
5	4	45	0	177
6	2	80	0	177
7	4	45	0	177
8	4	55	0	177
9	1	120	0	177
10	2	110	0	177
11	4	60	0	177
12	4	40	0	177
13	1	80	-150	177
14	1	90	0	177
15	4	55	0	177
16	3	50	0	177
17	4	50	0	177
18	2	120	0	177
19	1	110	-300	177
20	4	60	-250	177
21	2	90	0	177
22	3	60	0	177
23	4	55	0	177
24	1	100	0	177
25	1	80	-200	177
26	4	40	0	177
27	1	120	0	177
28	4	60	0	177
29	2	100	0	177
30	4	40	0	177
31	1	110	-250	177
32	4	45	0	177
33	2	90	0	177
34	3	40	-50	177
35	4	55	0	177
36	2	120	0	177
37	4	65	0	177
38	1	90	-350	177
39	1	110	0	177
40	4	70	0	177
41	3	55	0	177
42	4	50	0	177
43	1	130	-350	177
44	1	90	0	177
45	4	70	-275	177
46	4	60	0	177
47	3	55	-50	177
48	3	45	0	177
49	4	55	0	177
50	1	100	-250	177
51	1	120	-200	177
52	1	110	0	177
53	3	50	-50	177
54	3	45	0	177
55	4	65	0	177
56	4	80	0	177
57	1	90	-300	177
58	1	130	-150	177
59	4	40	0	177
60	2	110	-1250	177
61	2	80	0	177
62	4	80	0	177
63	3	60	-50	177
64	4	40	0	177
65	2	110	0	177
66	3	40	-50	177
67	3	55	0	177
68	4	65	0	177
69	3	55	-25	177
70	3	65	-75	177
71	3	45	0	177
72	4	55	-300	177
73	4	60	0	177
74	1	120	-250	177
75	1	100	0	177
76	4	65	0	177
77	3	70	-25	177
78	3	40	0	177
79	1	120	-250	177
80	4	75	0	177
81	4	60	0	177
82	4	65	0	177
83	4	75	-325	177
84	4	85	0	177
85	2	100	0	177
86	4	45	0	177
87	4	55	0	177
88	3	50	-25	177
89	3	60	-75	177
90	3	70	0	177
91	4	70	0	177
92	2	90	0	177
93	4	55	0	177
94	2	130	-1500	177
95	3	40	-50	177
96	3	60	0	177
97	4	70	0	177
98	4	80	0	177
99	4	65	0	177
100	4	70	0	177
1	1	100	0	186
2	4	50	0	186
3	3	50	0	186
4	3	60	0	186
5	1	120	0	186
6	1	80	-150	186
7	4	40	0	186
8	4	45	0	186
9	1	90	0	186
10	1	110	-300	186
11	3	40	-50	186
12	4	45	0	186
13	4	55	0	186
14	4	60	0	186
15	4	40	0	186
16	1	100	0	186
17	4	55	0	186
18	4	50	0	186
19	1	80	-200	186
20	1	120	0	186
21	1	110	-250	186
22	2	100	0	186
23	2	80	0	186
24	3	55	0	186
25	4	60	-250	186
26	4	55	0	186
27	4	40	0	186
28	4	60	0	186
29	4	40	0	186
30	2	110	0	186
31	2	120	0	186
32	4	45	0	186
33	2	90	0	186
34	3	55	-50	186
35	3	45	0	186
36	3	50	-50	186
37	3	45	0	186
38	3	60	-50	186
39	3	40	-50	186
40	2	100	0	186
41	2	90	0	186
42	1	90	-350	186
43	4	55	0	186
44	4	65	0	186
45	4	70	0	186
46	4	50	0	186
47	1	110	0	186
48	3	55	0	186
49	1	130	-350	186
50	3	55	-25	186
51	3	65	-75	186
52	4	70	-275	186
53	2	120	0	186
54	2	110	-1250	186
55	1	90	0	186
56	1	100	-250	186
57	4	60	0	186
58	4	55	0	186
59	4	65	0	186
60	4	80	0	186
61	4	40	0	186
62	4	80	0	186
63	4	40	0	186
64	1	120	-200	186
65	4	65	0	186
66	4	55	-300	186
67	3	45	0	186
68	3	70	-25	186
69	2	80	0	186
70	4	60	0	186
71	1	110	0	186
72	3	40	0	186
73	1	90	-300	186
74	4	65	0	186
75	3	50	-25	186
76	4	75	0	186
77	4	60	0	186
78	2	110	0	186
79	3	60	-75	186
80	1	130	-150	186
81	1	120	-250	186
82	1	100	0	186
83	1	120	-250	186
84	2	100	0	186
85	3	70	0	186
86	4	65	0	186
87	1	140	-300	186
88	3	40	-50	186
89	2	90	0	186
90	4	75	-325	186
91	3	60	0	186
92	1	110	0	186
93	2	130	-1500	186
94	3	65	-25	186
95	4	85	0	186
96	4	45	0	186
97	4	55	0	186
98	3	55	0	186
99	4	70	0	186
100	2	120	0	186
1	4	50	0	191
2	2	100	0	191
3	3	50	0	191
4	3	60	0	191
5	1	100	0	191
6	1	120	0	191
7	2	80	0	191
8	3	40	-50	191
9	4	40	0	191
10	3	55	0	191
11	3	55	-50	191
12	2	110	0	191
13	3	45	0	191
14	4	45	0	191
15	4	45	0	191
16	1	80	-150	191
17	2	120	0	191
18	2	90	0	191
19	2	100	0	191
20	2	90	0	191
21	3	50	-50	191
22	1	90	0	191
23	2	120	0	191
24	1	110	-300	191
25	2	110	-1250	191
26	2	80	0	191
27	3	45	0	191
28	2	110	0	191
29	1	100	0	191
30	1	80	-200	191
31	2	100	0	191
32	3	60	-50	191
33	4	55	0	191
34	2	90	0	191
35	1	120	0	191
36	3	40	-50	191
37	4	60	0	191
38	1	110	-250	191
39	1	90	-350	191
40	1	110	0	191
41	1	130	-350	191
42	2	130	-1500	191
43	1	90	0	191
44	2	120	0	191
45	2	130	0	191
46	3	55	0	191
47	2	110	0	191
48	2	90	0	191
49	2	100	0	191
50	4	40	0	191
51	3	55	-25	191
52	2	120	0	191
53	2	120	-1750	191
54	1	100	-250	191
55	2	110	0	191
56	2	140	0	191
57	1	120	-200	191
58	2	130	0	191
59	2	100	0	191
60	4	55	0	191
61	2	110	0	191
62	2	120	0	191
63	4	50	0	191
64	2	120	0	191
65	2	140	0	191
66	2	110	0	191
67	4	60	-250	191
68	2	130	0	191
69	2	140	-2000	191
70	2	120	0	191
71	4	55	0	191
72	4	40	0	191
73	2	110	0	191
74	2	130	0	191
75	2	150	0	191
76	2	110	0	191
77	4	60	0	191
78	2	150	0	191
79	2	120	0	191
80	2	140	0	191
81	2	140	0	191
82	4	40	0	191
83	4	45	0	191
84	4	55	0	191
85	2	150	0	191
86	2	130	0	191
87	2	120	0	191
88	2	140	0	191
89	2	160	-2250	191
90	2	120	0	191
91	2	160	0	191
92	2	130	0	191
93	2	150	0	191
94	2	150	0	191
95	2	160	0	191
96	2	140	0	191
97	2	130	0	191
98	2	150	0	191
99	4	65	0	191
100	2	170	0	191
1	3	50	0	205
2	2	100	0	205
3	4	50	0	205
4	1	100	0	205
5	3	60	0	205
6	4	40	0	205
7	1	120	0	205
8	3	40	-50	205
9	4	45	0	205
10	1	80	-150	205
11	3	55	0	205
12	1	90	0	205
13	4	45	0	205
14	1	110	-300	205
15	3	55	-50	205
16	3	45	0	205
17	1	100	0	205
18	4	55	0	205
19	2	80	0	205
20	1	80	-200	205
21	3	50	-50	205
22	3	45	0	205
23	2	110	0	205
24	4	60	0	205
25	1	120	0	205
26	2	120	0	205
27	3	60	-50	205
28	4	40	0	205
29	3	40	-50	205
30	3	55	0	205
31	1	110	-250	205
32	2	90	0	205
33	4	55	0	205
34	2	100	0	205
35	4	50	0	205
36	1	90	-350	205
37	3	55	-25	205
38	3	65	-75	205
39	4	60	-250	205
40	4	55	0	205
41	1	110	0	205
42	3	45	0	205
43	2	90	0	205
44	4	40	0	205
45	1	130	-350	205
46	2	120	0	205
47	3	70	-25	205
48	3	40	0	205
49	1	90	0	205
50	2	110	-1250	205
51	3	50	-25	205
52	4	60	0	205
53	1	100	-250	205
54	2	80	0	205
55	1	120	-200	205
56	3	60	-75	205
57	4	40	0	205
58	2	110	0	205
59	3	70	0	205
60	4	45	0	205
61	2	100	0	205
62	3	40	-50	205
63	1	110	0	205
64	4	55	0	205
65	2	90	0	205
66	3	60	0	205
67	1	90	-300	205
68	3	65	-25	205
69	2	130	-1500	205
70	4	65	0	205
71	3	55	0	205
72	2	120	0	205
73	1	130	-150	205
74	3	80	-50	205
75	2	130	0	205
76	4	70	0	205
77	1	120	-250	205
78	3	40	-25	205
79	3	60	-50	205
80	4	50	0	205
81	1	100	0	205
82	2	110	0	205
83	3	55	0	205
84	4	70	-275	205
85	1	120	-250	205
86	2	90	0	205
87	3	65	-25	205
88	4	60	0	205
89	1	140	-300	205
90	2	100	0	205
91	3	40	-75	205
92	2	120	0	205
93	4	55	0	205
94	1	110	0	205
95	2	120	-1750	205
96	3	80	-50	205
97	4	65	0	205
98	3	65	-25	205
99	2	110	0	205
100	3	75	0	205
1	3	50	0	210
2	3	60	0	210
3	3	40	-50	210
4	4	50	0	210
5	1	100	0	210
6	1	120	0	210
7	3	55	0	210
8	3	55	-50	210
9	3	45	0	210
10	4	40	0	210
11	2	100	0	210
12	1	80	-150	210
13	4	45	0	210
14	3	50	-50	210
15	2	80	0	210
16	2	110	0	210
17	1	90	0	210
18	1	110	-300	210
19	4	45	0	210
20	4	55	0	210
21	4	60	0	210
22	4	40	0	210
23	1	100	0	210
24	1	80	-200	210
25	2	120	0	210
26	3	45	0	210
27	3	60	-50	210
28	4	55	0	210
29	4	50	0	210
30	4	60	-250	210
31	4	55	0	210
32	4	40	0	210
33	4	60	0	210
34	3	40	-50	210
35	2	90	0	210
36	1	120	0	210
37	1	110	-250	210
38	1	90	-350	210
39	1	110	0	210
40	1	130	-350	210
41	2	100	0	210
42	2	90	0	210
43	3	55	0	210
44	2	120	0	210
45	2	110	-1250	210
46	3	55	-25	210
47	1	90	0	210
48	4	40	0	210
49	2	80	0	210
50	2	110	0	210
51	1	100	-250	210
52	1	120	-200	210
53	4	45	0	210
54	4	55	0	210
55	4	65	0	210
56	3	65	-75	210
57	4	70	0	210
58	4	50	0	210
59	2	100	0	210
60	2	90	0	210
61	1	110	0	210
62	1	90	-300	210
63	2	130	-1500	210
64	3	45	0	210
65	4	70	-275	210
66	1	130	-150	210
67	2	120	0	210
68	2	130	0	210
69	2	110	0	210
70	3	70	-25	210
71	1	120	-250	210
72	1	100	0	210
73	1	120	-250	210
74	4	60	0	210
75	4	55	0	210
76	4	65	0	210
77	4	80	0	210
78	4	40	0	210
79	3	40	0	210
80	3	50	-25	210
81	1	140	-300	210
82	4	80	0	210
83	4	40	0	210
84	2	90	0	210
85	4	65	0	210
86	2	100	0	210
87	3	60	-75	210
88	2	120	0	210
89	1	110	0	210
90	4	55	-300	210
91	1	110	-350	210
92	2	120	-1750	210
93	1	100	0	210
94	1	120	-200	210
95	1	130	-250	210
96	1	110	-150	210
97	1	140	-250	210
98	1	120	0	210
99	1	130	-350	210
100	1	120	-200	210
1	3	50	0	221
2	2	100	0	221
3	3	60	0	221
4	3	40	-50	221
5	1	100	0	221
6	4	50	0	221
7	3	55	0	221
8	2	80	0	221
9	1	120	0	221
10	3	55	-50	221
11	2	110	0	221
12	4	40	0	221
13	1	80	-150	221
14	3	45	0	221
15	3	50	-50	221
16	2	120	0	221
17	1	90	0	221
18	2	90	0	221
19	3	45	0	221
20	4	45	0	221
21	3	60	-50	221
22	2	100	0	221
23	4	45	0	221
24	1	110	-300	221
25	3	40	-50	221
26	2	90	0	221
27	1	100	0	221
28	3	55	0	221
29	1	80	-200	221
30	2	120	0	221
31	4	55	0	221
32	3	55	-25	221
33	4	60	0	221
34	2	110	-1250	221
35	4	40	0	221
36	3	65	-75	221
37	1	120	0	221
38	4	55	0	221
39	2	80	0	221
40	3	45	0	221
41	4	50	0	221
42	4	60	-250	221
43	3	70	-25	221
44	3	40	0	221
45	2	110	0	221
46	4	55	0	221
47	1	110	-250	221
48	3	50	-25	221
49	2	100	0	221
50	1	90	-350	221
51	3	60	-75	221
52	2	90	0	221
53	4	40	0	221
54	3	70	0	221
55	1	110	0	221
56	4	60	0	221
57	2	130	-1500	221
58	2	120	0	221
59	3	40	-50	221
60	2	130	0	221
61	1	130	-350	221
62	4	40	0	221
63	3	60	0	221
64	2	110	0	221
65	4	45	0	221
66	3	65	-25	221
67	2	90	0	221
68	4	55	0	221
69	1	90	0	221
70	3	55	0	221
71	3	80	-50	221
72	4	65	0	221
73	2	100	0	221
74	3	40	-25	221
75	4	70	0	221
76	4	50	0	221
77	3	60	-50	221
78	3	55	0	221
79	2	120	0	221
80	4	70	-275	221
81	3	65	-25	221
82	3	40	-75	221
83	2	120	-1750	221
84	4	60	0	221
85	1	100	-250	221
86	3	80	-50	221
87	4	55	0	221
88	2	110	0	221
89	3	65	-25	221
90	1	120	-200	221
91	4	65	0	221
92	3	75	0	221
93	2	140	0	221
94	4	80	0	221
95	3	55	-25	221
96	1	110	0	221
97	2	130	0	221
98	3	60	-25	221
99	4	40	0	221
100	3	70	-25	221
1	2	100	0	224
2	2	80	0	224
3	4	50	0	224
4	3	50	0	224
5	3	60	0	224
6	3	40	-50	224
7	2	110	0	224
8	4	40	0	224
9	1	100	0	224
10	1	120	0	224
11	2	120	0	224
12	2	90	0	224
13	3	55	0	224
14	3	55	-50	224
15	3	45	0	224
16	4	45	0	224
17	1	80	-150	224
18	1	90	0	224
19	2	100	0	224
20	2	90	0	224
21	3	50	-50	224
22	3	45	0	224
23	4	45	0	224
24	1	110	-300	224
25	1	100	0	224
26	1	80	-200	224
27	2	120	0	224
28	2	110	-1250	224
29	2	80	0	224
30	3	60	-50	224
31	4	55	0	224
32	1	120	0	224
33	1	110	-250	224
34	2	110	0	224
35	3	40	-50	224
36	4	60	0	224
37	1	90	-350	224
38	2	100	0	224
39	3	55	0	224
40	2	90	0	224
41	1	110	0	224
42	4	40	0	224
43	1	130	-350	224
44	1	90	0	224
45	1	100	-250	224
46	2	130	-1500	224
47	4	55	0	224
48	3	55	-25	224
49	2	120	0	224
50	3	65	-75	224
51	4	50	0	224
52	1	120	-200	224
53	2	130	0	224
54	4	60	-250	224
55	3	45	0	224
56	2	110	0	224
57	2	90	0	224
58	3	70	-25	224
59	1	110	0	224
60	4	55	0	224
61	2	100	0	224
62	3	40	0	224
63	4	40	0	224
64	3	50	-25	224
65	3	60	-75	224
66	1	90	-300	224
67	2	120	0	224
68	1	130	-150	224
69	2	120	-1750	224
70	3	70	0	224
71	4	60	0	224
72	3	40	-50	224
73	2	110	0	224
74	1	120	-250	224
75	2	140	0	224
76	4	40	0	224
77	4	45	0	224
78	4	55	0	224
79	4	65	0	224
80	4	70	0	224
81	4	50	0	224
82	4	70	-275	224
83	4	60	0	224
84	4	55	0	224
85	3	60	0	224
86	3	65	-25	224
87	4	65	0	224
88	4	80	0	224
89	3	55	0	224
90	4	40	0	224
91	4	80	0	224
92	3	80	-50	224
93	4	40	0	224
94	4	65	0	224
95	3	40	-25	224
96	3	60	-50	224
97	4	55	-300	224
98	4	60	0	224
99	4	65	0	224
100	1	100	0	224
1	3	50	0	232
2	2	100	0	232
3	4	50	0	232
4	1	100	0	232
5	2	80	0	232
6	3	60	0	232
7	4	40	0	232
8	1	120	0	232
9	2	110	0	232
10	3	40	-50	232
11	4	45	0	232
12	2	120	0	232
13	3	55	0	232
14	1	80	-150	232
15	4	45	0	232
16	3	55	-50	232
17	2	90	0	232
18	4	55	0	232
19	3	45	0	232
20	1	90	0	232
21	2	100	0	232
22	4	60	0	232
23	3	50	-50	232
24	4	40	0	232
25	1	110	-300	232
26	2	90	0	232
27	4	55	0	232
28	3	45	0	232
29	1	100	0	232
30	4	50	0	232
31	3	60	-50	232
32	2	120	0	232
33	4	60	-250	232
34	2	110	-1250	232
35	2	80	0	232
36	3	40	-50	232
37	1	80	-200	232
38	4	55	0	232
39	1	120	0	232
40	3	55	0	232
41	2	110	0	232
42	4	40	0	232
43	1	110	-250	232
44	2	100	0	232
45	3	55	-25	232
46	4	60	0	232
47	3	65	-75	232
48	4	40	0	232
49	1	90	-350	232
50	2	90	0	232
51	3	45	0	232
52	2	130	-1500	232
53	3	70	-25	232
54	4	45	0	232
55	1	110	0	232
56	4	55	0	232
57	1	130	-350	232
58	2	120	0	232
59	4	65	0	232
60	2	130	0	232
61	3	40	0	232
62	1	90	0	232
63	4	70	0	232
64	3	50	-25	232
65	3	60	-75	232
66	4	50	0	232
67	4	70	-275	232
68	1	100	-250	232
69	2	110	0	232
70	3	70	0	232
71	2	90	0	232
72	3	40	-50	232
73	2	100	0	232
74	2	120	0	232
75	2	120	-1750	232
76	2	110	0	232
77	2	140	0	232
78	2	130	0	232
79	1	120	-200	232
80	1	110	0	232
81	1	90	-300	232
82	4	60	0	232
83	4	55	0	232
84	2	100	0	232
85	3	60	0	232
86	2	110	0	232
87	1	130	-150	232
88	4	65	0	232
89	1	120	-250	232
90	2	120	0	232
91	3	65	-25	232
92	2	120	0	232
93	3	55	0	232
94	1	100	0	232
95	2	140	0	232
96	3	80	-50	232
97	1	120	-250	232
98	3	40	-25	232
99	2	110	0	232
100	4	80	0	232
1	2	100	0	234
2	4	50	0	234
3	4	40	0	234
4	4	45	0	234
5	1	100	0	234
6	2	80	0	234
7	4	45	0	234
8	3	50	0	234
9	1	120	0	234
10	1	80	-150	234
11	2	110	0	234
12	1	90	0	234
13	1	110	-300	234
14	4	55	0	234
15	3	60	0	234
16	2	120	0	234
17	4	60	0	234
18	1	100	0	234
19	2	90	0	234
20	2	100	0	234
21	1	80	-200	234
22	1	120	0	234
23	4	40	0	234
24	3	40	-50	234
25	4	55	0	234
26	2	90	0	234
27	1	110	-250	234
28	1	90	-350	234
29	1	110	0	234
30	3	55	0	234
31	2	120	0	234
32	4	50	0	234
33	2	110	-1250	234
34	1	130	-350	234
35	1	90	0	234
36	2	80	0	234
37	3	55	-50	234
38	3	45	0	234
39	2	110	0	234
40	2	100	0	234
41	2	90	0	234
42	2	130	-1500	234
43	2	120	0	234
44	1	100	-250	234
45	2	130	0	234
46	2	110	0	234
47	2	90	0	234
48	1	120	-200	234
49	1	110	0	234
50	1	90	-300	234
51	2	100	0	234
52	2	120	0	234
53	2	120	-1750	234
54	2	110	0	234
55	2	140	0	234
56	4	60	-250	234
57	3	50	-50	234
58	2	130	0	234
59	2	100	0	234
60	1	130	-150	234
61	2	110	0	234
62	2	120	0	234
63	1	120	-250	234
64	2	120	0	234
65	2	140	0	234
66	1	100	0	234
67	1	120	-250	234
68	2	110	0	234
69	1	140	-300	234
70	2	130	0	234
71	2	140	-2000	234
72	2	120	0	234
73	1	110	0	234
74	1	110	-350	234
75	1	100	0	234
76	1	120	-200	234
77	1	130	-250	234
78	1	110	-150	234
79	2	110	0	234
80	2	130	0	234
81	2	150	0	234
82	2	110	0	234
83	2	150	0	234
84	2	120	0	234
85	2	140	0	234
86	2	140	0	234
87	2	150	0	234
88	2	130	0	234
89	2	120	0	234
90	2	140	0	234
91	2	160	-2250	234
92	2	120	0	234
93	2	160	0	234
94	2	130	0	234
95	2	150	0	234
96	2	150	0	234
97	1	140	-250	234
98	2	160	0	234
99	2	140	0	234
100	2	130	0	234
1	2	100	0	237
2	2	80	0	237
3	2	110	0	237
4	2	120	0	237
5	1	100	0	237
6	2	90	0	237
7	2	100	0	237
8	2	90	0	237
9	1	120	0	237
10	1	80	-150	237
11	1	90	0	237
12	2	120	0	237
13	2	110	-1250	237
14	3	50	0	237
15	3	60	0	237
16	3	40	-50	237
17	2	80	0	237
18	1	110	-300	237
19	1	100	0	237
20	1	80	-200	237
21	1	120	0	237
22	1	110	-250	237
23	2	110	0	237
24	4	50	0	237
25	4	40	0	237
26	4	45	0	237
27	1	90	-350	237
28	1	110	0	237
29	1	130	-350	237
30	2	100	0	237
31	2	90	0	237
32	1	90	0	237
33	1	100	-250	237
34	3	55	0	237
35	3	55	-50	237
36	4	45	0	237
37	4	55	0	237
38	3	45	0	237
39	2	130	-1500	237
40	2	120	0	237
41	1	120	-200	237
42	2	130	0	237
43	2	110	0	237
44	3	50	-50	237
45	4	60	0	237
46	4	40	0	237
47	3	45	0	237
48	2	90	0	237
49	4	55	0	237
50	3	60	-50	237
51	2	100	0	237
52	1	110	0	237
53	1	90	-300	237
54	1	130	-150	237
55	1	120	-250	237
56	1	100	0	237
57	2	120	0	237
58	3	40	-50	237
59	4	50	0	237
60	4	60	-250	237
61	3	55	0	237
62	2	120	-1750	237
63	2	110	0	237
64	1	120	-250	237
65	3	55	-25	237
66	4	55	0	237
67	3	65	-75	237
68	1	140	-300	237
69	2	140	0	237
70	2	130	0	237
71	2	100	0	237
72	2	110	0	237
73	2	120	0	237
74	2	120	0	237
75	2	140	0	237
76	2	110	0	237
77	1	110	0	237
78	2	130	0	237
79	4	40	0	237
80	2	140	-2000	237
81	2	120	0	237
82	2	110	0	237
83	1	110	-350	237
84	2	130	0	237
85	2	150	0	237
86	4	60	0	237
87	2	110	0	237
88	1	100	0	237
89	2	150	0	237
90	4	40	0	237
91	2	120	0	237
92	2	140	0	237
93	1	120	-200	237
94	2	140	0	237
95	1	130	-250	237
96	2	150	0	237
97	4	45	0	237
98	3	45	0	237
99	2	130	0	237
100	2	120	0	237
1	1	100	0	238
2	3	50	0	238
3	2	100	0	238
4	4	50	0	238
5	1	120	0	238
6	1	80	-150	238
7	3	60	0	238
8	1	90	0	238
9	2	80	0	238
10	4	40	0	238
11	1	110	-300	238
12	2	110	0	238
13	2	120	0	238
14	1	100	0	238
15	2	90	0	238
16	1	80	-200	238
17	3	40	-50	238
18	4	45	0	238
19	2	100	0	238
20	1	120	0	238
21	2	90	0	238
22	1	110	-250	238
23	1	90	-350	238
24	2	120	0	238
25	3	55	0	238
26	4	45	0	238
27	2	110	-1250	238
28	1	110	0	238
29	2	80	0	238
30	1	130	-350	238
31	2	110	0	238
32	3	55	-50	238
33	4	55	0	238
34	1	90	0	238
35	2	100	0	238
36	2	90	0	238
37	2	130	-1500	238
38	1	100	-250	238
39	1	120	-200	238
40	3	45	0	238
41	2	120	0	238
42	2	130	0	238
43	2	110	0	238
44	1	110	0	238
45	1	90	-300	238
46	3	50	-50	238
47	3	45	0	238
48	4	60	0	238
49	2	90	0	238
50	1	130	-150	238
51	2	100	0	238
52	2	120	0	238
53	3	60	-50	238
54	2	120	-1750	238
55	2	110	0	238
56	1	120	-250	238
57	2	140	0	238
58	2	130	0	238
59	4	40	0	238
60	2	100	0	238
61	4	55	0	238
62	2	110	0	238
63	4	50	0	238
64	2	120	0	238
65	4	60	-250	238
66	2	120	0	238
67	2	140	0	238
68	2	110	0	238
69	3	40	-50	238
70	2	130	0	238
71	2	140	-2000	238
72	2	120	0	238
73	1	100	0	238
74	1	120	-250	238
75	2	110	0	238
76	1	140	-300	238
77	3	55	0	238
78	4	55	0	238
79	4	40	0	238
80	2	130	0	238
81	2	150	0	238
82	2	110	0	238
83	2	150	0	238
84	1	110	0	238
85	1	110	-350	238
86	2	120	0	238
87	2	140	0	238
88	2	140	0	238
89	1	100	0	238
90	2	150	0	238
91	4	60	0	238
92	1	120	-200	238
93	3	55	-25	238
94	2	130	0	238
95	2	120	0	238
96	2	140	0	238
97	2	160	-2250	238
98	4	40	0	238
99	2	120	0	238
100	2	160	0	238
1	1	100	0	248
2	3	50	0	248
3	1	120	0	248
4	2	100	0	248
5	4	50	0	248
6	4	40	0	248
7	3	60	0	248
8	1	80	-150	248
9	2	80	0	248
10	3	40	-50	248
11	2	110	0	248
12	4	45	0	248
13	3	55	0	248
14	1	90	0	248
15	1	110	-300	248
16	1	100	0	248
17	2	120	0	248
18	1	80	-200	248
19	3	55	-50	248
20	2	90	0	248
21	4	45	0	248
22	2	100	0	248
23	2	90	0	248
24	1	120	0	248
25	2	120	0	248
26	1	110	-250	248
27	3	45	0	248
28	1	90	-350	248
29	1	110	0	248
30	1	130	-350	248
31	2	110	-1250	248
32	3	50	-50	248
33	4	55	0	248
34	1	90	0	248
35	2	80	0	248
36	3	45	0	248
37	4	60	0	248
38	1	100	-250	248
39	1	120	-200	248
40	2	110	0	248
41	3	60	-50	248
42	4	40	0	248
43	3	40	-50	248
44	4	55	0	248
45	1	110	0	248
46	2	100	0	248
47	1	90	-300	248
48	3	55	0	248
49	2	90	0	248
50	4	50	0	248
51	2	130	-1500	248
52	3	55	-25	248
53	4	60	-250	248
54	1	130	-150	248
55	1	120	-250	248
56	1	100	0	248
57	1	120	-250	248
58	2	120	0	248
59	2	130	0	248
60	1	140	-300	248
61	2	110	0	248
62	3	65	-75	248
63	4	55	0	248
64	4	40	0	248
65	3	45	0	248
66	2	90	0	248
67	1	110	0	248
68	1	110	-350	248
69	2	100	0	248
70	3	70	-25	248
71	4	60	0	248
72	3	40	0	248
73	2	120	0	248
74	3	50	-25	248
75	4	40	0	248
76	1	100	0	248
77	3	60	-75	248
78	4	45	0	248
79	2	120	-1750	248
80	3	70	0	248
81	4	55	0	248
82	1	120	-200	248
83	2	110	0	248
84	3	40	-50	248
85	4	65	0	248
86	4	70	0	248
87	3	60	0	248
88	3	65	-25	248
89	4	50	0	248
90	1	130	-250	248
91	2	140	0	248
92	2	130	0	248
93	2	100	0	248
94	2	110	0	248
95	3	55	0	248
96	3	80	-50	248
97	3	40	-25	248
98	3	60	-50	248
99	3	55	0	248
100	3	65	-25	248
1	3	50	0	250
2	2	100	0	250
3	2	80	0	250
4	3	60	0	250
5	1	100	0	250
6	4	50	0	250
7	3	40	-50	250
8	4	40	0	250
9	1	120	0	250
10	1	80	-150	250
11	4	45	0	250
12	1	90	0	250
13	3	55	0	250
14	1	110	-300	250
15	4	45	0	250
16	3	55	-50	250
17	4	55	0	250
18	4	60	0	250
19	4	40	0	250
20	4	55	0	250
21	4	50	0	250
22	4	60	-250	250
23	3	45	0	250
24	4	55	0	250
25	1	100	0	250
26	3	50	-50	250
27	4	40	0	250
28	2	110	0	250
29	1	80	-200	250
30	4	60	0	250
31	4	40	0	250
32	4	45	0	250
33	3	45	0	250
34	4	55	0	250
35	3	60	-50	250
36	2	120	0	250
37	4	65	0	250
38	4	70	0	250
39	1	120	0	250
40	4	50	0	250
41	2	90	0	250
42	3	40	-50	250
43	4	70	-275	250
44	1	110	-250	250
45	2	100	0	250
46	3	55	0	250
47	2	90	0	250
48	2	120	0	250
49	3	55	-25	250
50	2	110	-1250	250
51	4	60	0	250
52	3	65	-75	250
53	4	55	0	250
54	4	65	0	250
55	4	80	0	250
56	4	40	0	250
57	4	80	0	250
58	1	90	-350	250
59	4	40	0	250
60	2	80	0	250
61	3	45	0	250
62	4	65	0	250
63	3	70	-25	250
64	2	110	0	250
65	4	55	-300	250
66	2	100	0	250
67	2	90	0	250
68	2	130	-1500	250
69	3	40	0	250
70	4	60	0	250
71	2	120	0	250
72	4	65	0	250
73	1	110	0	250
74	1	130	-350	250
75	3	50	-25	250
76	2	130	0	250
77	4	75	0	250
78	2	110	0	250
79	4	60	0	250
80	2	90	0	250
81	4	65	0	250
82	2	100	0	250
83	2	120	0	250
84	2	120	-1750	250
85	4	75	-325	250
86	2	110	0	250
87	3	60	-75	250
88	1	90	0	250
89	1	100	-250	250
90	1	120	-200	250
91	2	140	0	250
92	4	85	0	250
93	3	70	0	250
94	2	130	0	250
95	2	100	0	250
96	4	45	0	250
97	4	55	0	250
98	4	70	0	250
99	2	110	0	250
100	4	55	0	250
1	3	50	0	252
2	1	100	0	252
3	2	100	0	252
4	3	60	0	252
5	2	80	0	252
6	3	40	-50	252
7	4	50	0	252
8	4	40	0	252
9	4	45	0	252
10	3	55	0	252
11	3	55	-50	252
12	3	45	0	252
13	3	50	-50	252
14	3	45	0	252
15	3	60	-50	252
16	3	40	-50	252
17	2	110	0	252
18	3	55	0	252
19	2	120	0	252
20	4	45	0	252
21	1	120	0	252
22	2	90	0	252
23	2	100	0	252
24	2	90	0	252
25	1	80	-150	252
26	3	55	-25	252
27	3	65	-75	252
28	3	45	0	252
29	4	55	0	252
30	1	90	0	252
31	1	110	-300	252
32	2	120	0	252
33	1	100	0	252
34	3	70	-25	252
35	3	40	0	252
36	3	50	-25	252
37	2	110	-1250	252
38	2	80	0	252
39	2	110	0	252
40	2	100	0	252
41	4	60	0	252
42	4	40	0	252
43	4	55	0	252
44	1	80	-200	252
45	1	120	0	252
46	3	60	-75	252
47	4	50	0	252
48	4	60	-250	252
49	4	55	0	252
50	3	70	0	252
51	2	90	0	252
52	2	130	-1500	252
53	3	40	-50	252
54	4	40	0	252
55	4	60	0	252
56	2	120	0	252
57	1	110	-250	252
58	3	60	0	252
59	3	65	-25	252
60	3	55	0	252
61	3	80	-50	252
62	4	40	0	252
63	4	45	0	252
64	2	130	0	252
65	2	110	0	252
66	3	40	-25	252
67	3	60	-50	252
68	3	55	0	252
69	1	90	-350	252
70	1	110	0	252
71	2	90	0	252
72	3	65	-25	252
73	3	40	-75	252
74	3	80	-50	252
75	3	65	-25	252
76	3	75	0	252
77	4	55	0	252
78	2	100	0	252
79	3	55	-25	252
80	3	60	-25	252
81	4	65	0	252
82	2	120	0	252
83	1	130	-350	252
84	1	90	0	252
85	1	100	-250	252
86	2	120	-1750	252
87	3	70	-25	252
88	4	70	0	252
89	3	65	0	252
90	2	110	0	252
91	2	140	0	252
92	1	120	-200	252
93	1	110	0	252
94	3	55	-75	252
95	3	75	-25	252
96	4	50	0	252
97	4	70	-275	252
98	2	130	0	252
99	2	100	0	252
100	3	45	-50	252
1	3	50	0	255
2	3	60	0	255
3	4	50	0	255
4	3	40	-50	255
5	1	100	0	255
6	2	100	0	255
7	4	40	0	255
8	1	120	0	255
9	3	55	0	255
10	1	80	-150	255
11	2	80	0	255
12	4	45	0	255
13	3	55	-50	255
14	3	45	0	255
15	1	90	0	255
16	1	110	-300	255
17	1	100	0	255
18	2	110	0	255
19	4	45	0	255
20	4	55	0	255
21	2	120	0	255
22	2	90	0	255
23	1	80	-200	255
24	1	120	0	255
25	1	110	-250	255
26	1	90	-350	255
27	2	100	0	255
28	4	60	0	255
29	3	50	-50	255
30	3	45	0	255
31	4	40	0	255
32	1	110	0	255
33	2	90	0	255
34	2	120	0	255
35	1	130	-350	255
36	2	110	-1250	255
37	2	80	0	255
38	4	55	0	255
39	3	60	-50	255
40	1	90	0	255
41	2	110	0	255
42	2	100	0	255
43	2	90	0	255
44	4	50	0	255
45	3	40	-50	255
46	2	130	-1500	255
47	1	100	-250	255
48	4	60	-250	255
49	4	55	0	255
50	3	55	0	255
51	3	55	-25	255
52	1	120	-200	255
53	2	120	0	255
54	2	130	0	255
55	2	110	0	255
56	2	90	0	255
57	2	100	0	255
58	1	110	0	255
59	1	90	-300	255
60	2	120	0	255
61	3	65	-75	255
62	2	120	-1750	255
63	4	40	0	255
64	4	60	0	255
65	4	40	0	255
66	4	45	0	255
67	4	55	0	255
68	4	65	0	255
69	4	70	0	255
70	4	50	0	255
71	4	70	-275	255
72	3	45	0	255
73	1	130	-150	255
74	1	120	-250	255
75	2	110	0	255
76	2	140	0	255
77	2	130	0	255
78	2	100	0	255
79	2	110	0	255
80	2	120	0	255
81	2	120	0	255
82	2	140	0	255
83	2	110	0	255
84	2	130	0	255
85	2	140	-2000	255
86	1	100	0	255
87	4	60	0	255
88	4	55	0	255
89	2	120	0	255
90	1	120	-250	255
91	3	70	-25	255
92	4	65	0	255
93	4	80	0	255
94	4	40	0	255
95	4	80	0	255
96	4	40	0	255
97	4	65	0	255
98	4	55	-300	255
99	3	40	0	255
100	1	140	-300	255
1	1	100	0	263
2	2	100	0	263
3	1	120	0	263
4	4	50	0	263
5	2	80	0	263
6	1	80	-150	263
7	3	50	0	263
8	2	110	0	263
9	2	120	0	263
10	2	90	0	263
11	2	100	0	263
12	2	90	0	263
13	1	90	0	263
14	1	110	-300	263
15	4	40	0	263
16	1	100	0	263
17	1	80	-200	263
18	1	120	0	263
19	1	110	-250	263
20	1	90	-350	263
21	1	110	0	263
22	1	130	-350	263
23	2	120	0	263
24	2	110	-1250	263
25	1	90	0	263
26	1	100	-250	263
27	1	120	-200	263
28	2	80	0	263
29	3	60	0	263
30	4	45	0	263
31	1	110	0	263
32	2	110	0	263
33	3	40	-50	263
34	1	90	-300	263
35	2	100	0	263
36	4	45	0	263
37	4	55	0	263
38	4	60	0	263
39	4	40	0	263
40	3	55	0	263
41	1	130	-150	263
42	1	120	-250	263
43	2	90	0	263
44	2	130	-1500	263
45	2	120	0	263
46	2	130	0	263
47	1	100	0	263
48	1	120	-250	263
49	4	55	0	263
50	4	50	0	263
51	4	60	-250	263
52	3	55	-50	263
53	2	110	0	263
54	3	45	0	263
55	3	50	-50	263
56	1	140	-300	263
57	2	90	0	263
58	2	100	0	263
59	2	120	0	263
60	2	120	-1750	263
61	2	110	0	263
62	2	140	0	263
63	2	130	0	263
64	2	100	0	263
65	2	110	0	263
66	2	120	0	263
67	2	120	0	263
68	2	140	0	263
69	2	110	0	263
70	2	130	0	263
71	3	45	0	263
72	3	60	-50	263
73	2	140	-2000	263
74	3	40	-50	263
75	1	110	0	263
76	1	110	-350	263
77	2	120	0	263
78	3	55	0	263
79	4	55	0	263
80	2	110	0	263
81	4	40	0	263
82	3	55	-25	263
83	2	130	0	263
84	2	150	0	263
85	1	100	0	263
86	1	120	-200	263
87	3	65	-75	263
88	2	110	0	263
89	1	130	-250	263
90	3	45	0	263
91	4	60	0	263
92	3	70	-25	263
93	4	40	0	263
94	4	45	0	263
95	3	40	0	263
96	3	50	-25	263
97	4	55	0	263
98	4	65	0	263
99	4	70	0	263
100	4	50	0	263
1	3	50	0	265
2	2	100	0	265
3	3	60	0	265
4	2	80	0	265
5	1	100	0	265
6	4	50	0	265
7	1	120	0	265
8	2	110	0	265
9	3	40	-50	265
10	1	80	-150	265
11	4	40	0	265
12	2	120	0	265
13	3	55	0	265
14	2	90	0	265
15	1	90	0	265
16	4	45	0	265
17	2	100	0	265
18	3	55	-50	265
19	4	45	0	265
20	1	110	-300	265
21	2	90	0	265
22	3	45	0	265
23	2	120	0	265
24	3	50	-50	265
25	1	100	0	265
26	2	110	-1250	265
27	4	55	0	265
28	3	45	0	265
29	2	80	0	265
30	1	80	-200	265
31	2	110	0	265
32	3	60	-50	265
33	4	60	0	265
34	1	120	0	265
35	1	110	-250	265
36	2	100	0	265
37	2	90	0	265
38	3	40	-50	265
39	4	40	0	265
40	3	55	0	265
41	4	55	0	265
42	2	130	-1500	265
43	1	90	-350	265
44	3	55	-25	265
45	4	50	0	265
46	2	120	0	265
47	1	110	0	265
48	2	130	0	265
49	3	65	-75	265
50	4	60	-250	265
51	2	110	0	265
52	1	130	-350	265
53	3	45	0	265
54	2	90	0	265
55	4	55	0	265
56	1	90	0	265
57	2	100	0	265
58	3	70	-25	265
59	4	40	0	265
60	2	120	0	265
61	1	100	-250	265
62	3	40	0	265
63	2	120	-1750	265
64	4	60	0	265
65	3	50	-25	265
66	2	110	0	265
67	1	120	-200	265
68	2	140	0	265
69	3	60	-75	265
70	4	40	0	265
71	1	110	0	265
72	2	130	0	265
73	3	70	0	265
74	4	45	0	265
75	1	90	-300	265
76	2	100	0	265
77	3	40	-50	265
78	4	55	0	265
79	2	110	0	265
80	1	130	-150	265
81	4	65	0	265
82	2	120	0	265
83	1	120	-250	265
84	2	120	0	265
85	3	60	0	265
86	4	70	0	265
87	1	100	0	265
88	2	140	0	265
89	3	65	-25	265
90	4	50	0	265
91	2	110	0	265
92	1	120	-250	265
93	4	70	-275	265
94	3	55	0	265
95	2	130	0	265
96	1	140	-300	265
97	2	140	-2000	265
98	3	80	-50	265
99	4	60	0	265
100	2	120	0	265
1	3	50	0	268
2	2	100	0	268
3	4	50	0	268
4	2	80	0	268
5	1	100	0	268
6	2	110	0	268
7	1	120	0	268
8	3	60	0	268
9	4	40	0	268
10	1	80	-150	268
11	4	45	0	268
12	3	40	-50	268
13	2	120	0	268
14	2	90	0	268
15	4	45	0	268
16	1	90	0	268
17	1	110	-300	268
18	2	100	0	268
19	3	55	0	268
20	1	100	0	268
21	4	55	0	268
22	2	90	0	268
23	3	55	-50	268
24	3	45	0	268
25	1	80	-200	268
26	1	120	0	268
27	4	60	0	268
28	2	120	0	268
29	2	110	-1250	268
30	3	50	-50	268
31	3	45	0	268
32	3	60	-50	268
33	3	40	-50	268
34	1	110	-250	268
35	1	90	-350	268
36	2	80	0	268
37	1	110	0	268
38	4	40	0	268
39	4	55	0	268
40	3	55	0	268
41	2	110	0	268
42	1	130	-350	268
43	4	50	0	268
44	4	60	-250	268
45	3	55	-25	268
46	1	90	0	268
47	2	100	0	268
48	3	65	-75	268
49	4	55	0	268
50	1	100	-250	268
51	2	90	0	268
52	3	45	0	268
53	4	40	0	268
54	1	120	-200	268
55	2	130	-1500	268
56	3	70	-25	268
57	4	60	0	268
58	1	110	0	268
59	2	120	0	268
60	3	40	0	268
61	4	40	0	268
62	1	90	-300	268
63	2	130	0	268
64	3	50	-25	268
65	4	45	0	268
66	1	130	-150	268
67	2	110	0	268
68	3	60	-75	268
69	4	55	0	268
70	1	120	-250	268
71	2	90	0	268
72	3	70	0	268
73	4	65	0	268
74	1	100	0	268
75	2	100	0	268
76	3	40	-50	268
77	4	70	0	268
78	1	120	-250	268
79	2	120	0	268
80	3	60	0	268
81	4	50	0	268
82	1	140	-300	268
83	2	120	-1750	268
84	3	65	-25	268
85	4	70	-275	268
86	1	110	0	268
87	2	110	0	268
88	3	55	0	268
89	4	60	0	268
90	1	110	-350	268
91	2	140	0	268
92	3	80	-50	268
93	4	55	0	268
94	1	100	0	268
95	2	130	0	268
96	3	40	-25	268
97	4	65	0	268
98	1	120	-200	268
99	2	100	0	268
100	3	60	-50	268
1	2	100	0	270
2	1	100	0	270
3	4	50	0	270
4	3	50	0	270
5	1	120	0	270
6	2	80	0	270
7	2	110	0	270
8	1	80	-150	270
9	4	40	0	270
10	3	60	0	270
11	2	120	0	270
12	3	40	-50	270
13	4	45	0	270
14	1	90	0	270
15	2	90	0	270
16	4	45	0	270
17	1	110	-300	270
18	2	100	0	270
19	4	55	0	270
20	2	90	0	270
21	4	60	0	270
22	2	120	0	270
23	4	40	0	270
24	2	110	-1250	270
25	3	55	0	270
26	4	55	0	270
27	2	80	0	270
28	1	100	0	270
29	4	50	0	270
30	3	55	-50	270
31	2	110	0	270
32	4	60	-250	270
33	3	45	0	270
34	1	80	-200	270
35	2	100	0	270
36	2	90	0	270
37	2	130	-1500	270
38	4	55	0	270
39	3	50	-50	270
40	1	120	0	270
41	4	40	0	270
42	4	60	0	270
43	2	120	0	270
44	3	45	0	270
45	1	110	-250	270
46	3	60	-50	270
47	4	40	0	270
48	2	130	0	270
49	2	110	0	270
50	3	40	-50	270
51	2	90	0	270
52	4	45	0	270
53	1	90	-350	270
54	2	100	0	270
55	4	55	0	270
56	2	120	0	270
57	3	55	0	270
58	1	110	0	270
59	4	65	0	270
60	2	120	-1750	270
61	4	70	0	270
62	3	55	-25	270
63	1	130	-350	270
64	2	110	0	270
65	4	50	0	270
66	2	140	0	270
67	4	70	-275	270
68	1	90	0	270
69	2	130	0	270
70	3	65	-75	270
71	1	100	-250	270
72	4	60	0	270
73	2	100	0	270
74	4	55	0	270
75	1	120	-200	270
76	2	110	0	270
77	4	65	0	270
78	2	120	0	270
79	4	80	0	270
80	4	40	0	270
81	2	120	0	270
82	4	80	0	270
83	2	140	0	270
84	4	40	0	270
85	4	65	0	270
86	2	110	0	270
87	4	55	-300	270
88	4	60	0	270
89	4	65	0	270
90	2	130	0	270
91	4	75	0	270
92	2	140	-2000	270
93	2	120	0	270
94	4	60	0	270
95	3	45	0	270
96	1	110	0	270
97	2	110	0	270
98	4	65	0	270
99	2	130	0	270
100	3	70	-25	270
1	2	100	0	275
2	3	50	0	275
3	3	60	0	275
4	2	80	0	275
5	3	40	-50	275
6	4	50	0	275
7	3	55	0	275
8	3	55	-50	275
9	3	45	0	275
10	3	50	-50	275
11	1	100	0	275
12	1	120	0	275
13	1	80	-150	275
14	3	45	0	275
15	4	40	0	275
16	1	90	0	275
17	3	60	-50	275
18	4	45	0	275
19	1	110	-300	275
20	1	100	0	275
21	1	80	-200	275
22	4	45	0	275
23	3	40	-50	275
24	2	110	0	275
25	1	120	0	275
26	2	120	0	275
27	1	110	-250	275
28	2	90	0	275
29	1	90	-350	275
30	3	55	0	275
31	4	55	0	275
32	1	110	0	275
33	3	55	-25	275
34	2	100	0	275
35	1	130	-350	275
36	4	60	0	275
37	3	65	-75	275
38	1	90	0	275
39	1	100	-250	275
40	2	90	0	275
41	1	120	-200	275
42	2	120	0	275
43	3	45	0	275
44	4	40	0	275
45	3	70	-25	275
46	2	110	-1250	275
47	2	80	0	275
48	1	110	0	275
49	2	110	0	275
50	3	40	0	275
51	1	90	-300	275
52	3	50	-25	275
53	2	100	0	275
54	2	90	0	275
55	2	130	-1500	275
56	4	55	0	275
57	2	120	0	275
58	4	50	0	275
59	1	130	-150	275
60	4	60	-250	275
61	2	130	0	275
62	3	60	-75	275
63	1	120	-250	275
64	2	110	0	275
65	3	70	0	275
66	3	40	-50	275
67	3	60	0	275
68	3	65	-25	275
69	3	55	0	275
70	3	80	-50	275
71	3	40	-25	275
72	3	60	-50	275
73	3	55	0	275
74	3	65	-25	275
75	4	55	0	275
76	4	40	0	275
77	4	60	0	275
78	4	40	0	275
79	4	45	0	275
80	4	55	0	275
81	4	65	0	275
82	4	70	0	275
83	4	50	0	275
84	4	70	-275	275
85	4	60	0	275
86	4	55	0	275
87	4	65	0	275
88	4	80	0	275
89	4	40	0	275
90	4	80	0	275
91	4	40	0	275
92	4	65	0	275
93	4	55	-300	275
94	4	60	0	275
95	4	65	0	275
96	4	75	0	275
97	4	60	0	275
98	4	65	0	275
99	3	40	-75	275
100	4	75	-325	275
1	2	100	0	278
2	3	50	0	278
3	4	50	0	278
4	2	80	0	278
5	4	40	0	278
6	2	110	0	278
7	4	45	0	278
8	3	60	0	278
9	2	120	0	278
10	4	45	0	278
11	3	40	-50	278
12	2	90	0	278
13	4	55	0	278
14	2	100	0	278
15	3	55	0	278
16	2	90	0	278
17	4	60	0	278
18	2	120	0	278
19	4	40	0	278
20	3	55	-50	278
21	2	110	-1250	278
22	2	80	0	278
23	4	55	0	278
24	1	100	0	278
25	1	120	0	278
26	1	80	-150	278
27	3	45	0	278
28	3	50	-50	278
29	2	110	0	278
30	4	50	0	278
31	2	100	0	278
32	1	90	0	278
33	4	60	-250	278
34	2	90	0	278
35	1	110	-300	278
36	1	100	0	278
37	4	55	0	278
38	2	130	-1500	278
39	2	120	0	278
40	4	40	0	278
41	2	130	0	278
42	4	60	0	278
43	1	80	-200	278
44	1	120	0	278
45	1	110	-250	278
46	2	110	0	278
47	2	90	0	278
48	2	100	0	278
49	4	40	0	278
50	1	90	-350	278
51	2	120	0	278
52	2	120	-1750	278
53	2	110	0	278
54	4	45	0	278
55	1	110	0	278
56	3	45	0	278
57	2	140	0	278
58	4	55	0	278
59	1	130	-350	278
60	2	130	0	278
61	4	65	0	278
62	2	100	0	278
63	4	70	0	278
64	2	110	0	278
65	4	50	0	278
66	2	120	0	278
67	4	70	-275	278
68	2	120	0	278
69	4	60	0	278
70	3	60	-50	278
71	2	140	0	278
72	4	55	0	278
73	2	110	0	278
74	4	65	0	278
75	2	130	0	278
76	4	80	0	278
77	2	140	-2000	278
78	2	120	0	278
79	3	40	-50	278
80	4	40	0	278
81	2	110	0	278
82	4	80	0	278
83	2	130	0	278
84	4	40	0	278
85	2	150	0	278
86	4	65	0	278
87	2	110	0	278
88	4	55	-300	278
89	2	150	0	278
90	2	120	0	278
91	2	140	0	278
92	2	140	0	278
93	2	150	0	278
94	2	130	0	278
95	2	120	0	278
96	2	140	0	278
97	2	160	-2250	278
98	2	120	0	278
99	2	160	0	278
100	4	60	0	278
1	1	100	0	282
2	1	120	0	282
3	1	80	-150	282
4	1	90	0	282
5	1	110	-300	282
6	2	100	0	282
7	2	80	0	282
8	2	110	0	282
9	2	120	0	282
10	2	90	0	282
11	3	50	0	282
12	3	60	0	282
13	3	40	-50	282
14	3	55	0	282
15	3	55	-50	282
16	4	50	0	282
17	4	40	0	282
18	4	45	0	282
19	4	45	0	282
20	4	55	0	282
21	4	60	0	282
22	4	40	0	282
23	4	55	0	282
24	4	50	0	282
25	4	60	-250	282
26	2	100	0	282
27	2	90	0	282
28	2	120	0	282
29	2	110	-1250	282
30	4	55	0	282
31	4	40	0	282
32	1	100	0	282
33	2	80	0	282
34	1	80	-200	282
35	3	45	0	282
36	1	120	0	282
37	2	110	0	282
38	4	60	0	282
39	1	110	-250	282
40	1	90	-350	282
41	2	100	0	282
42	4	40	0	282
43	4	45	0	282
44	4	55	0	282
45	4	65	0	282
46	4	70	0	282
47	4	50	0	282
48	4	70	-275	282
49	4	60	0	282
50	4	55	0	282
51	4	65	0	282
52	4	80	0	282
53	4	40	0	282
54	4	80	0	282
55	4	40	0	282
56	4	65	0	282
57	4	55	-300	282
58	4	60	0	282
59	4	65	0	282
60	4	75	0	282
61	2	90	0	282
62	2	130	-1500	282
63	4	60	0	282
64	4	65	0	282
65	4	75	-325	282
66	4	85	0	282
67	4	45	0	282
68	4	55	0	282
69	4	70	0	282
70	4	55	0	282
71	3	50	-50	282
72	3	45	0	282
73	3	60	-50	282
74	3	40	-50	282
75	3	55	0	282
76	3	55	-25	282
77	3	65	-75	282
78	3	45	0	282
79	3	70	-25	282
80	3	40	0	282
81	3	50	-25	282
82	3	60	-75	282
83	3	70	0	282
84	3	40	-50	282
85	3	60	0	282
86	3	65	-25	282
87	3	55	0	282
88	3	80	-50	282
89	3	40	-25	282
90	3	60	-50	282
91	3	55	0	282
92	3	65	-25	282
93	3	40	-75	282
94	3	80	-50	282
95	3	65	-25	282
96	3	75	0	282
97	3	55	-25	282
98	1	110	0	282
99	3	60	-25	282
100	3	70	-25	282
1	1	100	0	293
2	2	100	0	293
3	3	50	0	293
4	4	50	0	293
5	1	120	0	293
6	2	80	0	293
7	3	60	0	293
8	4	40	0	293
9	1	80	-150	293
10	2	110	0	293
11	3	40	-50	293
12	4	45	0	293
13	2	120	0	293
14	4	45	0	293
15	2	90	0	293
16	4	55	0	293
17	2	100	0	293
18	4	60	0	293
19	2	90	0	293
20	4	40	0	293
21	2	120	0	293
22	4	55	0	293
23	2	110	-1250	293
24	4	50	0	293
25	4	60	-250	293
26	1	90	0	293
27	1	110	-300	293
28	2	80	0	293
29	2	110	0	293
30	2	100	0	293
31	2	90	0	293
32	2	130	-1500	293
33	1	100	0	293
34	1	80	-200	293
35	4	55	0	293
36	4	40	0	293
37	4	60	0	293
38	4	40	0	293
39	4	45	0	293
40	4	55	0	293
41	4	65	0	293
42	4	70	0	293
43	4	50	0	293
44	4	70	-275	293
45	1	120	0	293
46	1	110	-250	293
47	1	90	-350	293
48	1	110	0	293
49	1	130	-350	293
50	4	60	0	293
51	4	55	0	293
52	4	65	0	293
53	4	80	0	293
54	4	40	0	293
55	4	80	0	293
56	1	90	0	293
57	4	40	0	293
58	1	100	-250	293
59	4	65	0	293
60	4	55	-300	293
61	4	60	0	293
62	4	65	0	293
63	4	75	0	293
64	4	60	0	293
65	4	65	0	293
66	4	75	-325	293
67	3	55	0	293
68	3	55	-50	293
69	3	45	0	293
70	3	50	-50	293
71	3	45	0	293
72	2	120	0	293
73	2	130	0	293
74	2	110	0	293
75	2	90	0	293
76	2	100	0	293
77	2	120	0	293
78	2	120	-1750	293
79	2	110	0	293
80	2	140	0	293
81	2	130	0	293
82	2	100	0	293
83	2	110	0	293
84	2	120	0	293
85	2	120	0	293
86	2	140	0	293
87	3	60	-50	293
88	2	110	0	293
89	2	130	0	293
90	2	140	-2000	293
91	4	85	0	293
92	4	45	0	293
93	4	55	0	293
94	4	70	0	293
95	1	120	-200	293
96	1	110	0	293
97	1	90	-300	293
98	4	55	0	293
99	3	40	-50	293
100	2	120	0	293
1	2	100	0	332
2	2	80	0	332
3	2	110	0	332
4	2	120	0	332
5	3	50	0	332
6	2	90	0	332
7	2	100	0	332
8	3	60	0	332
9	2	90	0	332
10	2	120	0	332
11	3	40	-50	332
12	2	110	-1250	332
13	4	50	0	332
14	1	100	0	332
15	2	80	0	332
16	2	110	0	332
17	3	55	0	332
18	2	100	0	332
19	2	90	0	332
20	2	130	-1500	332
21	3	55	-50	332
22	3	45	0	332
23	3	50	-50	332
24	2	120	0	332
25	2	130	0	332
26	2	110	0	332
27	2	90	0	332
28	2	100	0	332
29	4	40	0	332
30	1	120	0	332
31	1	80	-150	332
32	2	120	0	332
33	2	120	-1750	332
34	3	45	0	332
35	3	60	-50	332
36	2	110	0	332
37	2	140	0	332
38	2	130	0	332
39	4	45	0	332
40	1	90	0	332
41	1	110	-300	332
42	2	100	0	332
43	2	110	0	332
44	2	120	0	332
45	2	120	0	332
46	3	40	-50	332
47	3	55	0	332
48	3	55	-25	332
49	3	65	-75	332
50	4	45	0	332
51	1	100	0	332
52	1	80	-200	332
53	2	140	0	332
54	2	110	0	332
55	2	130	0	332
56	2	140	-2000	332
57	2	120	0	332
58	2	110	0	332
59	2	130	0	332
60	2	150	0	332
61	3	45	0	332
62	2	110	0	332
63	2	150	0	332
64	2	120	0	332
65	2	140	0	332
66	2	140	0	332
67	2	150	0	332
68	3	70	-25	332
69	3	40	0	332
70	2	130	0	332
71	2	120	0	332
72	2	140	0	332
73	2	160	-2250	332
74	2	120	0	332
75	2	160	0	332
76	1	120	0	332
77	4	55	0	332
78	4	60	0	332
79	2	130	0	332
80	2	150	0	332
81	3	50	-25	332
82	3	60	-75	332
83	2	150	0	332
84	2	160	0	332
85	2	140	0	332
86	2	130	0	332
87	4	40	0	332
88	2	150	0	332
89	2	170	0	332
90	3	70	0	332
91	2	130	0	332
92	2	170	-2500	332
93	2	140	0	332
94	2	160	0	332
1	1	100	0	335
2	1	120	0	335
3	1	80	-150	335
4	1	90	0	335
5	3	50	0	335
6	3	60	0	335
7	1	110	-300	335
8	1	100	0	335
9	3	40	-50	335
10	3	55	0	335
11	1	80	-200	335
12	1	120	0	335
13	1	110	-250	335
14	3	55	-50	335
15	1	90	-350	335
16	2	100	0	335
17	1	110	0	335
18	2	80	0	335
19	3	45	0	335
20	1	130	-350	335
21	2	110	0	335
22	2	120	0	335
23	2	90	0	335
24	3	50	-50	335
25	4	50	0	335
26	2	100	0	335
27	4	40	0	335
28	2	90	0	335
29	2	120	0	335
30	2	110	-1250	335
31	4	45	0	335
32	4	45	0	335
33	4	55	0	335
34	4	60	0	335
35	2	80	0	335
36	2	110	0	335
37	2	100	0	335
38	1	90	0	335
39	3	45	0	335
40	2	90	0	335
41	3	60	-50	335
42	2	130	-1500	335
43	1	100	-250	335
44	1	120	-200	335
45	1	110	0	335
46	1	90	-300	335
47	4	40	0	335
48	3	40	-50	335
49	4	55	0	335
50	4	50	0	335
51	2	120	0	335
52	2	130	0	335
53	4	60	-250	335
54	2	110	0	335
55	3	55	0	335
56	4	55	0	335
57	3	55	-25	335
58	2	90	0	335
59	2	100	0	335
60	2	120	0	335
61	4	40	0	335
62	2	120	-1750	335
63	2	110	0	335
64	2	140	0	335
65	2	130	0	335
66	2	100	0	335
67	4	60	0	335
68	4	40	0	335
69	4	45	0	335
70	2	110	0	335
71	2	120	0	335
72	2	120	0	335
73	2	140	0	335
74	2	110	0	335
75	2	130	0	335
76	4	55	0	335
77	2	140	-2000	335
78	2	120	0	335
79	2	110	0	335
80	2	130	0	335
81	4	65	0	335
82	4	70	0	335
83	2	150	0	335
84	2	110	0	335
85	4	50	0	335
86	2	150	0	335
87	2	120	0	335
88	4	70	-275	335
89	2	140	0	335
90	2	140	0	335
91	2	150	0	335
92	2	130	0	335
93	4	60	0	335
94	4	55	0	335
95	2	120	0	335
96	2	140	0	335
97	2	160	-2250	335
98	4	65	0	335
99	4	80	0	335
100	4	40	0	335
